434952
353065
36362
229038
357501
375637
83973
256931
321427
366052
225382
399525
109755
329899
207388
171048
34720
82319
327526
383448
383078
171567
185327
174073
47907
358840
371917
10216
9606
190544
42344
16967
269101
60201
324243
159161
361044
281945
402960
134183
372248
67580
67540
225064
90659
109048
361802
24986
6745
109998
219332
5629
236872
70591
67635
126158
168946
20074
80500
391026
342986
277321
121066
1479
369828
99825
351098
142458
357986
74631
429536
335411
144000
103543
239546
173484
423037
107328
301107
60151
227929
402402
300484
74211
293735
15800
317795
58646
217865
371964
207826
115928
64995
221264
411336
223490
320978
202117
292633
247069
381097
354451
160196
4850
130406
108183
753
133295
195988
145988
132499
33700
9889
204229
52214
228535
204978
138362
304237
243431
2247
16058
359544
286574
150678
152123
413548
385028
173691
289575
14402
52352
172595
382137
343875
49799
256798
213499
156932
74817
304144
216465
435231
363488
89107
270389
1884
307416
67945
155042
50276
62399
188044
3184
166646
428929
9521
342988
319732
422605
213881
322581
300494
369665
217948
51756
383154
376878
405189
102311
64052
172961
85160
371379
173758
195286
83780
366022
128211
365070
85273
69814
346376
415857
289761
25163
170068
263830
287440
101244
239091
339698
233337
333427
159468
123214
183418
142090
388063
30024
366707
373875
160465
260542
212123
91414
178186
391199
354609
104060
312379
190911
24497
404535
55841
45582
60719
172812
407002
83445
428381
170197
167427
265575
359569
228277
95199
242749
233477
369164
284845
289493
282226
92888
210694
21170
115894
43231
233383
144893
278672
308052
9795
124760
10419
133551
188086
420659
279785
418136
266076
3667
370514
398057
310908
246881
61726
284987
226370
35341
419050
162267
433491
68811
93371
319372
115441
192926
368322
172217
362879
402741
154674
346424
383170
191085
312611
94921
23696
170911
386114
415998
184877
295453
213263
232236
168389
233265
260008
314355
318383
46276
56086
356841
98759
411700
235517
310596
418110
287442
117179
371533
160144
397723
173728
245229
215838
74867
231815
131132
170467
402158
357999
54568
46014
203977
295
288093
298838
186985
278191
299075
243666
20435
418378
396631
57163
182783
345662
88022
95177
60968
407156
107535
105601
198661
371888
273515
312011
407295
197112
31871
4070
269494
102634
142761
240390
226820
356914
392343
36883
68108
352122
266122
333248
302917
270646
307606
323710
378284
119161
3688
360112
259965
147201
204691
55485
388222
61254
392011
129194
383005
300022
316827
395891
335047
251221
302680
311634
66399
244603
55120
332085
172156
364869
206542
25501
410594
115515
110753
273087
354817
254673
392256
283642
272132
354747
184951
434493
76302
269151
191625
384765
336965
294032
322317
268489
207914
268714
341816
55005
286313
405258
402124
135373
406818
123131
301666
245059
207580
365260
127252
26818
373170
298044
4485
338192
2136
246554
124368
260279
307960
149196
322687
305342
