434952
353065
36362
229038
357501
375637
83973
256931
321427
366052
225382
399525
109755
329899
207388
171048
34720
82319
327526
383448
383078
171567
185327
174073
47907
358840
371917
10216
9606
190544
42344
16967
269101
60201
324243
159161
361044
281945
402960
134183
372248
67580
67540
225064
90659
109048
361802
24986
6745
109998
219332
5629
236872
70591
67635
126158
168946
20074
80500
391026
342986
277321
121066
1479
369828
99825
351098
142458
357986
74631
429536
335411
144000
103543
239546
173484
423037
107328
301107
60151
227929
402402
300484
74211
293735
15800
317795
58646
217865
371964
207826
115928
64995
221264
411336
223490
320978
202117
292633
247069
381097
354451
160196
4850
130406
108183
753
133295
195988
145988
132499
33700
9889
204229
52214
228535
204978
138362
304237
243431
2247
16058
359544
286574
150678
152123
413548
385028
173691
289575
14402
52352
172595
382137
343875
49799
256798
213499
156932
74817
304144
216465
435231
363488
89107
270389
1884
307416
67945
155042
50276
62399
188044
3184
166646
428929
9521
342988
319732
422605
213881
322581
300494
369665
217948
51756
383154
376878
405189
102311
64052
172961
85160
371379
173758
195286
83780
366022
128211
365070
85273
69814
346376
415857
289761
25163
170068
263830
287440
101244
239091
339698
233337
333427
159468
123214
183418
142090
388063
30024
366707
373875
160465
260542
212123
91414
178186
391199
354609
104060
312379
190911
24497
404535
55841
45582
60719
172812
407002
83445
428381
170197
167427
265575
359569
228277
95199
242749
233477
369164
284845
289493
282226
92888
210694
21170
115894
43231
233383
144893
278672
308052
9795
124760
10419
133551
188086
420659
279785
418136
266076
3667
370514
398057
310908
246881
61726
284987
226370
35341
419050
162267
433491
68811
93371
319372
115441
192926
368322
172217
362879
402741
154674
346424
383170
191085
312611
94921
23696
170911
386114
415998
184877
295453
213263
232236
168389
233265
260008
314355
318383
46276
56086
356841
98759
411700
235517
310596
418110
287442
117179
371533
160144
397723
173728
245229
215838
74867
231815
131132
170467
402158
357999
54568
46014
203977
295
288093
298838
186985
278191
299075
243666
20435
418378
396631
57163
182783
345662
88022
95177
60968
407156
107535
105601
198661
371888
273515
312011
407295
197112
31871
4070
269494
102634
142761
240390
226820
356914
392343
36883
68108
352122
266122
333248
302917
270646
307606
323710
378284
119161
3688
360112
259965
147201
204691
55485
388222
61254
392011
129194
383005
300022
316827
395891
335047
251221
302680
311634
66399
244603
55120
332085
172156
364869
206542
25501
410594
115515
110753
273087
354817
254673
392256
283642
272132
354747
184951
434493
76302
269151
191625
384765
336965
294032
322317
268489
207914
268714
341816
55005
286313
405258
402124
135373
406818
123131
301666
245059
207580
365260
127252
26818
373170
298044
4485
338192
2136
246554
124368
260279
307960
149196
322687
305342
320718
410495
381681
342609
431942
155813
409907
145067
163910
242512
358609
336892
345741
132462
419416
162376
145283
57840
22658
236926
211284
304890
434289
89316
389975
223370
71009
202167
335676
404324
180020
149323
121771
156091
402964
236939
435340
185943
297820
57214
361429
204997
16250
419605
384632
135852
130803
178721
303951
341972
270215
109733
320458
172696
328559
333883
372580
297634
388378
28412
242254
425919
317703
369122
410422
300051
225021
190775
265438
164745
236161
266015
396534
116900
352286
260508
172945
218440
349173
418051
37772
198400
250060
275906
162231
431915
114338
160738
355043
20418
256275
363554
110371
29774
232185
341917
351234
51308
422771
360033
244303
244157
203387
49241
359705
333878
101348
165834
344766
13391
336551
328424
1371
257913
266266
280286
114249
203374
306116
82168
77916
100007
103480
375127
373084
262695
168584
148123
7159
123888
99138
214330
304949
308213
316678
178294
68103
290627
174604
357627
401515
22659
381706
98193
117550
45613
401070
72480
430630
358287
420040
205830
165183
102534
83164
240439
124725
164397
364043
351783
372735
173547
424077
62328
149288
326668
236187
81724
137617
311551
361745
28118
98763
73219
67088
128801
140425
252745
255485
39236
153103
222236
415347
321061
172879
17501
306793
127416
372434
187137
164608
193014
180710
364308
236708
21969
78013
19267
21472
215521
59531
131847
38611
102007
219204
162094
139183
415744
188981
295490
143705
419075
246472
419009
205326
58279
401590
83948
56505
288890
295551
130696
347431
313035
48887
332854
77320
250405
354944
383999
396270
411931
7482
219402
170356
15553
229429
385322
212453
54195
80647
88532
78343
283651
340320
124181
344046
372289
331519
13849
191197
202482
155211
148523
219806
292269
364367
184917
130198
351901
2292
134569
194500
193839
169787
425344
178316
304419
174571
26768
66097
213852
111279
369987
174499
224765
3470
261999
261316
255480
402738
282557
317570
420485
352408
163376
416068
113450
121681
338778
71775
255936
214928
100499
302283
379152
314891
32358
137811
355664
431741
215514
18542
15326
272394
93294
364004
388933
432438
128030
209877
296520
197673
377945
346392
429716
74511
222345
295073
9108
96334
359480
96344
78469
32542
295821
232849
196359
176769
354699
12250
209931
54623
240078
405411
317453
19465
226318
337283
242341
12456
378171
35199
178657
355581
56526
90515
20276
29265
108636
306194
109464
132567
162183
320656
17388
239650
228812
314119
249364
85769
60034
200484
95589
381743
38738
289005
340291
101522
359592
124608
395790
359797
428814
121222
308369
385191
333025
38047
388305
312617
82603
303034
198142
410621
340158
319502
76917
58970
1282
176777
117615
13050
251860
44586
83685
90879
219102
22085
29179
293196
66021
76189
267863
122251
342029
242904
233032
392481
146659
95332
238043
408633
28386
165443
149985
325291
293423
169949
257424
385529
283889
280729
233259
413814
87302
287049
76176
32579
209836
101458
79024
83247
363316
346153
271872
435471
363700
391796
389286
13523
41498
87772
220929
302474
290145
27796
152640
135627
218082
368936
219722
191719
263859
303873
169893
72014
388315
141952
257462
214094
6890
297727
218606
429116
363128
430921
10199
339075
223655
435325
139078
230667
81596
364262
329058
134779
428118
179643
92739
189681
241714
114043
237528
288418
244201
364316
131391
246035
259428
287025
281199
136772
7390
231484
1890
424917
365365
366517
317717
142913
218405
166766
250899
245421
240202
406552
27713
227529
45305
74596
322344
269458
262209
318067
237902
80297
286134
160598
81298
209131
273916
32138
417106
313912
71477
268776
417674
76876
210268
360195
377254
37330
370905
337590
396304
198001
134825
62667
229401
14075
687
179097
102695
258313
39077
338415
270505
222427
17446
175474
203001
382016
376038
208570
284557
270172
5545
416756
105521
38940
336207
210460
198181
160230
247438
302634
192772
333436
33609
75679
244430
305468
274568
100091
64598
91332
398968
399378
137631
70012
291842
358987
189249
124898
195602
352454
359491
141588
43624
209144
415133
9441
44429
302410
316634
44880
323384
291697
356995
137202
291591
10340
273836
230683
1449
368287
62129
247088
616
362881
269713
408654
379549
359219
209918
254751
53882
192424
89418
20662
251417
245021
340192
54244
379863
28739
247095
433592
149544
30522
149413
118536
117931
222639
287296
303553
195555
383784
232068
313054
198867
237509
366681
79517
339800
153969
216156
43641
351111
28159
171717
35324
48020
18344
434466
299185
265
26866
354569
245882
26737
427422
55646
260237
291121
386353
189856
14721
380902
92595
6198
195153
25201
77908
182461
348717
151551
296405
248280
85707
359703
399823
328581
120400
368748
357920
323892
92079
17183
42944
6268
353675
90256
325114
246766
191090
327350
414479
316170
248183
141050
339960
241546
353601
363237
342860
347924
174988
335547
120622
314126
221387
168450
311953
392415
236614
392255
162127
133382
398503
87556
181692
79350
201106
347659
355573
356756
322716
400322
389020
135222
350722
339973
86908
29443
147473
43716
212056
149010
59248
183093
408190
376858
110724
231111
152946
20631
415942
412565
356482
192093
48715
98385
124967
240432
409457
321184
402313
120466
232857
413881
222167
417450
394052
207341
388791
300642
404461
410711
360043
318728
234509
198874
279747
60405
389831
354450
197512
402194
2516
277975
167894
180096
260259
402036
46349
423801
417184
240022
157905
313898
344615
24341
419399
190406
273136
156382
322635
379369
204989
270644
266936
41336
144197
143063
308403
321009
18277
270275
30573
110855
429648
417839
176900
263883
210118
89609
148501
385075
23663
353287
186377
232894
133952
139216
173383
14056
296190
323592
302808
292470
228973
109629
95766
135496
196024
401004
127658
166377
76209
231407
386211
309940
57295
50946
61112
47464
362532
29756
367597
271623
195007
419788
363322
37131
280092
131222
215147
355168
222451
268267
319653
290405
350388
381103
168563
312714
116588
429134
87003
40043
127278
187153
433457
302449
216033
61753
262186
349181
109915
27429
429253
345548
238006
379172
364091
104103
341225
144179
363426
278855
4359
398124
20911
81893
77489
344270
219463
138778
81193
181491
323067
259701
347445
70389
4537
175609
174002
155455
286602
433185
85966
431299
301176
271079
253897
415071
287342
53465
376576
319689
73876
33680
397776
421720
147806
246668
358136
133896
319213
382125
283028
146823
234282
159933
202688
2580
154502
91491
306119
129975
238901
54366
252591
378043
287123
132158
357666
248744
416496
94497
42260
137495
225329
41169
240130
96030
261639
176135
280670
24862
423978
142305
180427
419751
75528
325843
94860
222206
233840
224321
324888
263952
271828
324356
238549
309163
284038
275114
241710
246750
173353
153719
146162
172695
268814
135258
236936
397669
154619
36319
123523
145561
2240
60580
320014
71405
378559
304740
362766
111689
218077
1710
362418
172121
315657
228047
95418
364580
237859
174521
347859
33556
366108
304836
109469
131685
197593
130651
270498
316047
14269
58134
80317
146172
276817
150127
412943
154459
250881
316693
127089
221215
376841
413309
350791
183225
213450
62301
36651
188818
214743
290658
421170
210797
71358
369755
69371
367647
125826
32560
425403
243970
14797
344579
219617
175788
321541
132291
271823
15863
165714
121670
53550
198584
18415
68850
370438
68439
235674
333272
157030
126497
130064
111768
353993
92412
423849
341085
375115
393455
257981
281488
216980
333311
340106
84910
149039
156370
239374
184625
219347
98594
32835
419326
422830
55124
68189
327965
40107
109947
285007
366231
7517
257710
285491
97522
292344
255995
282899
397566
418354
24897
207143
218207
40672
167222
365405
156662
181780
326413
267732
173712
269275
210418
197504
121450
185409
227022
170973
371538
155427
41894
274143
15059
86638
329504
288870
356863
273812
92286
177518
73144
39860
89840
347484
274366
369567
283270
199873
226908
306185
21760
165727
321626
142874
204532
308980
374736
317573
275761
399078
162615
92067
281468
262932
81957
363164
279244
150240
235410
18877
172144
80801
23308
127161
41546
351194
115459
353639
87851
427029
323431
283323
291236
241315
47800
415588
384611
395647
87864
109896
391010
83542
8793
109045
226803
200087
274179
228841
153606
66468
412955
232005
392678
251937
285811
204053
71400
224121
283944
368273
347814
407790
177170
97598
247044
75511
277445
242624
387335
198558
15236
378733
127508
78404
3299
265195
253293
235320
294146
118750
140844
229445
41940
389746
3803
213228
95419
349091
281514
119305
431950
116321
139440
334353
332030
181907
426386
395519
396753
333767
369221
193087
251836
127255
179372
222971
90956
101124
340984
67668
421643
237459
261990
337808
374257
402184
19164
29326
133531
173326
111656
178079
278261
186884
370000
306191
246320
114465
31927
65970
406821
242369
115672
390838
333463
350851
432493
66356
89242
288753
180561
427722
424730
234967
11873
163669
371818
85573
413485
133470
21894
400191
381064
79898
173575
179403
177079
152229
215244
273263
316477
380867
414055
367190
358578
116881
303483
417210
235861
240205
340389
20279
153707
54663
54526
217878
249916
292510
281772
36255
188579
413514
306070
220897
334303
411222
149679
209575
338126
241296
122079
276638
204984
412495
179973
199290
319146
5327
155725
146034
269956
351904
138704
391186
351865
226091
261862
391177
119677
108648
98259
373123
93489
326946
36991
361646
85478
148596
285404
315773
173170
184681
280316
243923
361482
229483
15209
5541
345630
221900
84768
125385
355148
322417
137244
163990
305495
310811
355200
146302
83708
221117
143963
16659
255953
216311
12599
333542
291063
311763
169362
108176
31016
44640
67515
376655
24746
118169
128419
301949
268254
15171
363756
61514
126524
378191
264532
261515
47772
398044
197091
75383
285371
117360
129893
186570
222455
288214
327447
27967
168018
287370
406356
39687
20024
283555
353192
8865
61325
191877
429188
114536
108374
239618
146908
423686
103666
170959
211656
240326
11103
67791
333389
343900
235852
257427
86875
268171
402101
241596
37161
167128
199739
191793
318848
226227
346057
325581
192986
242578
365344
304804
350113
155093
185312
259333
178587
297977
179967
320658
298867
194435
192857
13327
179623
169980
340021
125825
360883
329879
202755
70257
295251
372284
331110
43505
232318
60154
157477
269456
191130
150065
38959
293157
117575
327295
180866
84124
361591
164073
68673
387485
347501
192400
75190
424152
32351
237572
350610
405611
277660
338291
262471
85997
406241
398096
38958
206757
340846
164278
50479
35181
319952
329858
372122
96980
48514
156956
196221
257649
154873
372524
155112
167599
78087
31480
421439
107222
21161
413922
423013
348553
71045
248295
330656
202227
401099
326612
137404
242866
106159
13486
268903
383072
406119
286747
74185
157384
29719
98856
431245
382092
189990
358195
126864
90337
379320
48005
411972
88359
386834
149167
149806
5037
386288
368172
90635
305529
105002
405225
228856
122449
151814
337634
416442
412084
11562
301925
131342
47320
92290
417972
375679
46425
431354
289238
20335
189634
376665
435397
346049
86385
185379
250713
299722
166192
305658
297892
32051
370883
14109
148014
428501
250848
318653
132583
46421
71459
419681
343623
124082
80669
170351
158591
213195
4279
45270
290293
311608
45593
409851
59692
106927
419387
158652
388505
382658
122277
137357
419979
263371
372272
192356
247984
35997
105974
112376
315007
402201
359462
326848
226705
362758
92223
242054
224144
286715
218110
45710
97329
258773
125419
152230
429595
67331
60805
402655
61079
79030
13590
405418
86730
324664
45253
364803
371065
106859
263456
43822
117330
20675
48375
152044
310412
160074
293855
18020
85334
324047
275589
315801
26603
291535
285756
338022
276978
372981
36824
303246
199149
355167
216096
158345
424448
188987
82724
98701
61351
432277
300040
56462
354472
301841
309377
18927
269032
80783
36755
351641
113749
100765
168262
205812
294434
381189
428155
365005
108474
49336
231877
79485
122424
398656
225989
328223
209030
256407
28225
157493
373044
364786
36284
253889
44605
5949
343511
114114
362169
287235
295272
48362
324210
60373
265383
399890
251205
152339
18752
168328
426320
15820
58728
125399
378629
107975
409848
83304
12020
400264
130556
142833
418913
138149
310606
192875
225370
14584
258523
40168
134272
272231
248906
403674
204914
180850
30426
433260
375159
260011
237913
181799
393809
368761
80477
187751
370927
342370
240769
79705
118539
39449
432805
197827
396311
391322
109560
61694
206766
13683
102680
347151
260814
336850
264152
381729
40281
48666
342006
352237
390256
403269
28768
165391
403987
361773
395861
230421
16241
98547
398298
300591
320892
198766
404481
107885
31682
222574
209159
242042
11907
7165
181074
311327
318524
147292
211076
313103
208092
208255
359882
316983
128747
375240
71789
401536
129929
114400
361771
241809
31073
15351
258554
56673
389122
357139
166869
274159
429283
4668
409653
13856
304086
259773
34447
143838
343915
25458
293305
220650
103757
130888
95738
113353
156367
112981
16055
418949
394599
212977
177024
280241
408062
257384
153697
149587
364824
284013
363589
275846
289439
101030
326659
341360
89706
127615
245430
175665
314457
383889
2729
302918
258416
97782
74523
275041
170406
284028
363045
74121
359608
195997
288574
177034
389386
186684
165867
59019
110926
325167
403333
59941
302047
220637
12545
112602
162957
272305
86557
408046
393736
123317
224587
259842
284511
294018
108104
287208
372473
256398
102474
207817
294961
332874
100930
76216
126103
278864
8910
17062
135318
364306
123410
215585
133870
230150
190890
272044
163159
216686
220774
419202
143378
271194
225826
386953
251453
373142
139329
51520
205991
121052
257475
401985
46314
68299
20233
209886
119530
55391
239793
174545
180988
88425
301512
231875
252071
209525
19565
63874
136393
187879
269162
158288
2554
268893
54232
58148
392848
406981
141220
132678
419039
41666
193920
230379
93461
285239
59109
370532
163372
372947
112290
368600
198834
35884
38112
217093
282600
199864
62004
53466
160913
202748
16278
103937
196636
39914
46833
270741
318543
87235
209542
392438
392347
11606
410358
174508
179147
178146
371866
330613
141356
198750
183834
135374
91987
388770
208791
262551
129394
199112
265582
394821
133950
408341
121360
262056
237019
46927
139942
423077
14315
104022
152080
419062
354764
142969
331289
359655
165026
147226
177190
297063
185689
353668
215101
413102
222294
15028
4649
121041
3642
45211
48610
315084
216879
337395
72178
79791
260332
78558
115630
274025
197346
419358
307781
247242
140015
360181
65908
362003
51897
341644
381042
401580
233320
389937
420963
108874
204776
418300
278071
121506
280536
192755
345045
412145
29022
304575
170312
356087
330816
236445
11260
414185
306959
101544
135601
15402
409413
375462
316964
300725
44583
213065
358073
189117
17379
285001
59508
36508
99078
215935
421281
363423
414566
136117
395113
405613
10099
126117
144229
427949
276662
329445
132057
294636
142612
98996
390860
248440
426221
242955
17788
8177
362298
220187
90556
424921
255336
299061
173393
373570
346432
302201
175838
372153
65072
159846
425356
95024
311384
186332
133737
149467
321419
392612
203004
224263
302031
172650
153975
72451
44326
388959
394041
365272
249551
364545
366039
185456
228130
68384
248854
179724
88372
262401
4065
6282
58850
217531
389277
376675
35042
339928
234268
107319
142031
160450
241675
304066
347218
410600
149195
365491
393878
167209
306749
96535
122807
164126
353453
61627
427880
214591
373083
111600
288780
119514
431653
85096
221545
146014
383928
269687
317740
255021
376666
47761
360109
358360
24214
27799
47447
233286
6690
243859
291602
54233
65772
358135
373347
148830
333583
343993
177126
235129
212356
39266
386750
387154
125519
141864
407994
296894
158197
293307
147767
47114
366400
151215
91085
327950
369945
334024
419649
128568
164301
374150
183818
405730
78513
412707
426547
284071
105903
335496
111814
253438
88596
353634
280429
424505
247397
373787
188325
212538
345210
257920
300826
290873
65376
345792
109115
25312
72625
217347
170767
198369
143613
334084
239257
372756
247650
50257
434079
43405
179124
271400
293795
382081
382179
33948
275087
245757
19671
353966
273543
414396
311699
145540
38265
378292
1064
255665
381536
302440
63346
60815
218378
62527
39881
157652
210412
135159
133473
200187
373589
340597
42848
54039
305411
264681
126415
31642
397541
302285
239850
190443
419559
159086
90420
383493
402363
158322
256625
111614
383606
426421
403502
351543
270628
286587
341592
401288
176414
372480
96849
126446
260593
378333
350804
253154
153298
293375
353733
381687
259826
240382
2481
29626
245764
293768
293869
63439
331625
77087
178592
127010
90483
175288
49707
82222
45376
393722
340684
381197
404171
290942
434275
16146
288674
85682
395813
87031
212955
253269
299763
307000
31669
322178
214486
349095
212791
215973
381689
10239
77806
283715
225642
189051
376924
106572
287999
112726
434606
299417
338998
189272
240845
33124
214889
161187
211032
397401
432682
350559
277667
70044
56842
402935
376061
611
434692
7273
99045
358019
390608
247667
5047
396893
392830
311285
11102
234367
24455
425063
128958
255548
272728
407221
31862
276683
331096
268497
394168
384395
218584
374129
369649
400406
227879
393982
423407
304109
117858
86100
19181
261468
419718
416534
394507
370306
299180
269930
122987
143111
264560
142250
311358
81030
352525
364509
362579
228168
257797
378818
159630
283549
230823
214626
358674
92276
322800
214878
182250
248918
418615
150155
352950
141045
425761
178423
207077
166023
231548
69852
223908
246883
207182
188980
354934
144797
47088
405492
313568
267299
83970
263269
53983
234225
307222
142317
261312
249891
302722
183514
1832
422821
21160
101624
161131
175031
400931
69404
395731
78206
31987
97467
229357
94137
208249
320580
118368
30591
113617
65540
389647
203917
347762
134055
181044
90089
194625
232418
116749
126628
5301
320753
375258
397902
17306
241931
395044
406468
429926
135220
406617
398773
20564
384010
199805
119066
175643
45373
226850
269978
179742
76881
339370
77850
142483
243786
209565
390402
250943
192989
64054
65612
179621
371244
292543
104914
252806
398489
331810
301338
311194
12963
32427
377552
418672
187780
110070
209422
379234
402166
214012
314825
109506
101777
71305
258247
227791
120874
113823
135200
67905
78355
279336
186098
365509
209845
83541
405448
404110
272439
121047
243980
73303
412365
426609
114880
260725
353459
92649
97643
176695
393696
303946
108999
53482
18531
122200
424628
120287
376157
247221
432303
384487
366457
374542
27896
3621
284803
363293
306220
163680
74751
343399
108851
131588
17842
107172
389580
233713
5841
140037
103555
100185
122276
399331
103103
357984
64902
331485
328595
281756
425040
269819
110385
279643
147289
192485
208994
332723
401628
43249
67048
188769
338517
255258
287009
328172
6628
141234
243658
114883
230629
52968
310611
274604
419927
372698
336445
328362
194870
394654
360230
355222
59597
250358
220708
299561
345362
202188
283301
8684
342124
329166
202461
155081
193740
370159
186931
161042
158572
381633
362368
75540
50258
256622
349013
365287
282791
415001
116632
243043
325439
350601
82493
228106
151711
15791
169455
108139
373969
76268
329903
431965
236089
103924
339578
315902
224750
273886
277516
190139
323350
107049
137927
380543
69619
275867
291553
111876
333269
420893
299980
19932
115841
316267
239503
321708
318342
245760
354911
352390
271520
114134
355321
110744
42102
363534
195190
11984
124793
86498
49600
311356
267287
196153
397181
304955
432158
353472
220519
181113
418313
190215
408619
42309
357007
359111
381412
15652
66987
173866
6126
207683
228544
227752
386108
340447
274732
212225
334442
351847
402346
19307
211431
338812
239989
116997
156062
259110
218918
246957
49085
156156
434550
297923
302518
355751
278865
224690
129297
74620
293347
305962
187892
379668
322772
46676
383105
509
121169
276687
175610
97098
162750
76880
246260
199824
88551
80061
54088
170527
184796
296737
398130
209947
126885
354946
231613
154643
107950
300292
354768
217387
119461
312775
316522
134832
322483
176590
312725
151536
3787
105415
291678
295113
182383
167975
413074
390123
149945
217453
189947
228317
408261
347353
342318
192939
104012
39053
246379
30518
269247
257216
113876
16417
28089
78443
387098
47732
8232
347177
76794
386034
422925
245232
106968
199319
352050
197155
116103
358035
389497
87947
183986
385788
204746
344359
416668
241804
107421
377392
369349
433497
97459
89136
382581
107220
149465
264762
236988
140458
295846
112107
313729
34243
223392
349979
205226
2668
417831
50352
304224
64930
17504
316255
5441
158526
287685
272314
225859
207792
377487
381293
12010
392058
231927
108986
391059
80873
216715
162290
159492
396076
234501
405563
403070
292354
299379
329227
362205
103653
348376
245907
269536
187383
321933
190352
330355
146483
47902
253936
225835
416788
30556
412559
427867
323151
351743
12169
314295
103719
259863
50714
217493
153426
404312
370807
344422
347004
191757
334759
293197
56331
7592
149718
183538
393860
257343
427091
129460
375271
142554
219398
228238
301282
157364
133663
258872
415643
111888
361060
122584
282886
230939
402713
287888
29864
390176
404223
412290
373052
170699
68561
262760
300208
15726
345601
173936
203944
228980
180760
46073
289998
100340
231999
284333
418827
158830
388052
235595
232020
47486
311121
277173
395131
282983
263433
123937
233340
143361
128719
427446
138425
185997
22753
317840
429608
211434
266397
167202
324519
112367
263908
21274
207132
82703
391595
169540
30282
78537
125695
23635
268176
338127
310218
434477
352881
204438
147021
206193
420592
318904
335430
86718
139051
116545
156328
406076
121737
187867
131668
277029
212704
311881
173003
92697
58772
97867
430047
53542
359677
186474
203883
16879
431251
123279
264453
236912
33292
2679
273214
286210
23597
109879
173077
162709
219996
326054
152431
200153
223959
363
157106
307970
420679
30723
111117
250054
210954
136083
231367
144811
240940
225608
385171
305576
64239
344496
388853
42949
223363
42501
97656
93019
60709
425979
177225
23216
395607
124645
381171
301232
427897
356820
212369
366348
164108
184103
289014
413481
214316
372329
263565
372747
368003
36769
334745
295190
334932
23286
22233
413050
434398
158701
64290
164551
273225
315715
116188
112648
113601
195459
68694
285113
218096
374682
374931
346821
210289
666
52648
427255
117139
270336
164520
165494
392801
170
401825
13586
87740
307297
177596
411779
252666
101200
414093
271927
6062
55537
16341
35956
96658
154300
425013
185504
244160
49638
284153
48572
196494
293044
28731
201729
391997
342924
423845
47510
313387
154772
318550
297903
404083
303248
60784
99454
210330
327928
411257
379597
195915
18970
186774
176184
63342
301774
49750
352240
426236
387814
424967
310964
116713
302194
215894
279055
229650
42722
263018
227069
416785
346169
258189
40267
253246
4083
281159
6013
336599
163153
319984
77387
313234
106959
370743
85426
393853
292815
375070
409686
191701
9056
257109
368048
53170
314659
221546
43899
80583
309850
115346
108809
426132
73661
38916
399721
102086
146512
302246
185082
85561
70658
22068
294932
404577
423818
139035
21679
349032
27348
433505
111777
250610
354536
38295
247037
260061
190430
273758
291332
182849
202038
81003
375573
235388
133634
283589
203770
209415
55689
35806
362024
95061
217325
413660
388318
68844
377915
17210
340613
120352
31220
203597
310331
435247
194301
38500
225091
166725
257104
353252
48918
88090
57760
61803
290649
226295
337233
33278
284187
42923
63669
349819
382660
69081
350316
372484
338203
408900
120598
356279
322218
319135
116210
102586
31084
95478
170156
187264
306036
390878
266322
403171
259692
304512
377825
71124
31231
225020
413155
78981
115953
60305
414562
149155
427816
347472
178701
314591
225693
290965
345037
360461
264711
367586
317353
427536
55290
10572
305491
369043
202849
332014
56486
299222
399933
212107
287086
25377
151104
188383
16170
180240
85605
46690
34133
73916
395594
25666
113851
415555
221351
3086
272036
64199
212310
412103
143700
406834
54117
361254
291923
403010
6989
132736
133751
391723
417463
423244
213422
22283
283701
367772
39520
362699
320437
261915
53586
134561
19997
421760
406020
289308
123777
143223
222745
295659
170752
138209
147058
296768
184758
15644
430036
211781
6059
309657
356571
425489
388080
174283
434444
18210
217040
433951
69051
362971
239460
137509
178510
208864
226597
311491
292292
115574
358748
324135
334327
286462
182656
299630
342812
21298
255387
135210
74271
318971
143750
40986
159934
75013
348734
324358
344943
8429
152231
325215
188265
238185
341072
232293
226010
93922
165778
99895
353624
399034
328782
279789
150814
238100
212985
394658
204753
317100
44867
314872
422798
181088
102368
23539
50189
204864
149785
259717
72868
274956
330310
210164
64731
246108
153875
352477
373398
196779
271976
167861
305372
7510
70649
410160
359862
203120
67884
319161
422911
233828
203469
44461
63418
397702
204593
202872
71883
403035
377048
283191
209201
228268
4131
402650
99427
161713
312877
273728
66834
141594
423580
209727
287516
311688
330997
412144
353959
216565
341032
24103
65503
207532
193766
198432
82524
260905
391125
257463
430714
358517
154850
23491
82910
32981
190801
430892
260698
69278
108152
45476
375809
77342
168973
77574
143402
94011
106472
178365
79363
179082
434008
389427
204619
17746
361
273154
168312
390661
273931
324693
161953
314680
204724
32778
237302
94243
56624
189775
29657
177985
405126
78748
4328
188734
383858
119361
173256
104448
402414
45958
98786
376959
62405
270027
142709
194756
216903
8734
172694
321190
434804
326986
120553
151077
348066
78336
126983
78341
66520
380425
376349
372826
64792
3476
316949
44668
77010
303381
142013
135342
390160
118605
380391
57149
415672
426973
145314
366137
335899
418793
39377
147345
16237
423335
282198
414198
254531
268433
116626
139062
364206
419619
103198
333015
244097
252557
310243
399539
285209
79236
361327
159246
396533
77903
50683
60166
223916
278347
77214
119583
48617
113777
257995
326479
296669
357280
391036
271081
42368
263323
57174
342436
8123
22353
421538
357075
297199
200733
78960
162914
85263
214120
180253
242832
272273
404938
323251
395744
422332
228181
425077
113794
356140
174324
189595
264207
248236
236800
147976
407006
181838
66845
218635
111782
402258
368193
157553
263334
274035
279544
75344
102458
392685
396989
258994
431995
328449
78169
164924
162958
154890
392090
97350
67246
335227
168784
106221
171409
61214
35447
244288
275979
356287
292081
397006
97815
290214
13235
173602
24150
130825
131998
176376
191640
120797
290466
385990
276440
97879
267799
247321
83277
3731
137362
231411
207991
247892
228143
199068
198634
371506
23206
279067
67374
283292
286252
259599
156882
168272
370551
365061
434004
262435
234224
41435
379039
348718
67834
29159
328084
247799
164315
108846
37883
