434952
353065
36362
229038
357501
375637
83973
256931
321427
366052
225382
399525
109755
329899
207388
171048
34720
82319
327526
383448
383078
171567
185327
174073
47907
358840
371917
10216
9606
190544
42344
16967
269101
60201
324243
159161
361044
281945
402960
134183
372248
67580
67540
225064
90659
109048
361802
24986
6745
109998
219332
5629
236872
70591
67635
126158
168946
20074
80500
391026
342986
277321
121066
1479
369828
99825
351098
142458
357986
74631
429536
335411
144000
103543
239546
173484
423037
107328
301107
60151
227929
402402
300484
74211
293735
15800
317795
58646
217865
371964
207826
115928
64995
221264
411336
223490
320978
202117
292633
247069
381097
354451
160196
4850
130406
108183
753
133295
195988
145988
132499
33700
9889
204229
52214
228535
204978
138362
304237
243431
2247
16058
359544
286574
150678
152123
413548
385028
173691
289575
14402
52352
172595
382137
343875
49799
256798
213499
156932
74817
304144
216465
435231
363488
89107
270389
1884
307416
67945
155042
50276
62399
188044
3184
166646
428929
9521
342988
319732
422605
213881
322581
300494
369665
217948
51756
383154
376878
405189
102311
64052
172961
85160
371379
173758
195286
83780
366022
128211
365070
85273
69814
346376
415857
289761
25163
170068
263830
287440
101244
239091
339698
233337
333427
159468
123214
183418
142090
388063
30024
366707
373875
160465
260542
212123
91414
178186
391199
354609
104060
312379
190911
24497
404535
55841
45582
60719
172812
407002
83445
428381
170197
167427
265575
359569
228277
95199
242749
233477
369164
284845
289493
282226
92888
210694
21170
115894
43231
233383
144893
278672
308052
9795
124760
10419
133551
188086
420659
279785
418136
266076
3667
370514
398057
310908
246881
61726
284987
226370
35341
419050
162267
433491
68811
93371
319372
115441
192926
368322
172217
362879
402741
154674
346424
383170
191085
312611
94921
23696
170911
386114
415998
184877
295453
213263
232236
168389
233265
260008
314355
318383
46276
56086
356841
98759
411700
235517
310596
418110
287442
117179
371533
160144
397723
173728
245229
215838
74867
231815
131132
170467
402158
357999
54568
46014
203977
295
288093
298838
186985
278191
299075
243666
20435
418378
396631
57163
182783
345662
88022
95177
60968
407156
107535
105601
198661
371888
273515
312011
407295
197112
31871
4070
269494
102634
142761
240390
226820
356914
392343
36883
68108
352122
266122
333248
302917
270646
307606
323710
378284
119161
3688
360112
259965
147201
204691
55485
388222
61254
392011
129194
383005
300022
316827
395891
335047
251221
302680
311634
66399
244603
55120
332085
172156
364869
206542
25501
410594
115515
110753
273087
354817
254673
392256
283642
272132
354747
184951
434493
76302
269151
191625
384765
336965
294032
322317
268489
207914
268714
341816
55005
286313
405258
402124
135373
406818
123131
301666
245059
207580
365260
127252
26818
373170
298044
4485
338192
2136
246554
124368
260279
307960
149196
322687
305342
320718
410495
381681
342609
431942
155813
409907
145067
163910
242512
358609
336892
345741
132462
419416
162376
145283
57840
22658
236926
211284
304890
434289
89316
389975
223370
71009
202167
335676
404324
180020
149323
121771
156091
402964
236939
435340
185943
297820
57214
361429
204997
16250
419605
384632
135852
130803
178721
303951
341972
270215
109733
320458
172696
328559
333883
372580
297634
388378
28412
242254
425919
317703
369122
410422
300051
225021
190775
265438
164745
236161
266015
396534
116900
352286
260508
172945
218440
349173
418051
37772
198400
250060
275906
162231
431915
114338
160738
355043
20418
256275
363554
110371
29774
232185
341917
351234
51308
422771
360033
244303
244157
203387
49241
359705
333878
101348
165834
344766
13391
336551
328424
1371
257913
266266
280286
114249
203374
306116
82168
77916
100007
103480
375127
373084
262695
168584
148123
7159
123888
99138
214330
304949
308213
316678
178294
68103
290627
174604
357627
401515
22659
381706
98193
117550
45613
401070
72480
430630
358287
420040
205830
165183
102534
83164
240439
124725
164397
364043
351783
372735
173547
424077
62328
149288
326668
236187
81724
137617
311551
361745
28118
98763
73219
67088
128801
140425
252745
255485
39236
153103
222236
415347
321061
172879
17501
306793
127416
372434
187137
164608
193014
180710
364308
236708
21969
78013
19267
21472
215521
59531
131847
38611
102007
219204
162094
139183
415744
188981
295490
143705
419075
246472
419009
205326
58279
401590
83948
56505
288890
295551
130696
347431
313035
48887
332854
77320
250405
354944
383999
396270
411931
7482
219402
170356
15553
229429
385322
212453
54195
80647
88532
78343
283651
340320
124181
344046
372289
331519
13849
191197
202482
155211
148523
219806
292269
364367
184917
130198
351901
2292
134569
194500
193839
169787
425344
178316
304419
174571
26768
66097
213852
111279
369987
174499
224765
3470
261999
261316
255480
402738
282557
317570
420485
352408
163376
416068
113450
121681
338778
71775
255936
214928
100499
302283
379152
314891
32358
137811
355664
431741
215514
18542
15326
272394
93294
364004
388933
432438
128030
209877
296520
197673
377945
346392
429716
74511
222345
295073
9108
96334
359480
96344
78469
32542
295821
232849
196359
176769
354699
12250
209931
54623
240078
405411
317453
19465
226318
337283
242341
12456
378171
35199
178657
355581
56526
90515
20276
29265
108636
306194
109464
132567
162183
320656
17388
239650
228812
314119
249364
85769
60034
200484
95589
381743
38738
289005
340291
101522
359592
124608
395790
359797
428814
121222
308369
385191
333025
38047
388305
312617
82603
303034
198142
410621
340158
319502
76917
58970
1282
176777
117615
13050
251860
44586
83685
90879
219102
22085
29179
293196
66021
76189
267863
122251
342029
242904
233032
392481
146659
95332
238043
408633
28386
165443
149985
325291
293423
169949
257424
385529
283889
280729
233259
413814
87302
287049
76176
32579
209836
101458
79024
83247
363316
346153
271872
435471
363700
391796
389286
13523
41498
87772
220929
302474
290145
27796
152640
135627
218082
368936
219722
191719
263859
303873
169893
72014
388315
141952
257462
214094
6890
297727
218606
429116
363128
430921
10199
339075
223655
435325
139078
230667
81596
364262
329058
134779
428118
179643
92739
189681
241714
114043
237528
288418
244201
364316
131391
246035
259428
287025
281199
136772
7390
231484
1890
424917
365365
366517
317717
142913
218405
166766
250899
245421
240202
406552
27713
227529
45305
74596
322344
269458
262209
318067
237902
80297
286134
160598
81298
209131
273916
32138
417106
313912
71477
268776
417674
76876
210268
360195
377254
37330
370905
337590
396304
198001
134825
62667
229401
14075
687
179097
102695
258313
39077
338415
270505
222427
17446
175474
203001
382016
376038
208570
284557
270172
5545
416756
105521
38940
336207
210460
198181
160230
247438
302634
192772
333436
33609
75679
244430
305468
274568
100091
64598
91332
398968
399378
137631
70012
291842
358987
189249
124898
195602
352454
359491
141588
43624
209144
415133
9441
44429
302410
316634
44880
323384
291697
356995
137202
291591
10340
273836
230683
1449
368287
62129
247088
616
362881
269713
408654
379549
359219
209918
254751
53882
192424
89418
20662
251417
245021
340192
54244
379863
28739
247095
433592
149544
30522
149413
118536
117931
222639
287296
303553
195555
383784
232068
313054
198867
237509
366681
79517
339800
153969
216156
43641
351111
28159
171717
35324
48020
18344
434466
299185
265
26866
354569
245882
26737
427422
55646
260237
291121
386353
189856
14721
380902
92595
6198
195153
25201
77908
182461
348717
151551
296405
248280
85707
359703
399823
328581
120400
368748
357920
323892
92079
17183
42944
6268
353675
90256
325114
246766
191090
327350
414479
316170
248183
141050
339960
241546
353601
363237
342860
347924
174988
335547
120622
314126
221387
168450
311953
392415
236614
392255
162127
133382
398503
87556
181692
79350
201106
347659
355573
356756
322716
400322
389020
135222
350722
339973
86908
29443
147473
43716
212056
149010
59248
183093
408190
376858
110724
231111
152946
20631
415942
412565
356482
192093
48715
98385
124967
240432
409457
321184
402313
120466
232857
413881
222167
417450
394052
207341
388791
300642
404461
410711
360043
318728
234509
198874
279747
60405
389831
354450
197512
402194
2516
277975
167894
180096
260259
402036
46349
423801
417184
240022
157905
313898
344615
24341
419399
190406
273136
156382
322635
379369
204989
270644
266936
41336
144197
143063
308403
321009
18277
270275
30573
110855
429648
417839
176900
263883
210118
89609
148501
385075
23663
353287
186377
232894
133952
139216
173383
14056
296190
323592
302808
292470
228973
109629
95766
135496
196024
401004
127658
166377
76209
231407
386211
309940
57295
50946
61112
47464
362532
29756
367597
271623
195007
419788
363322
37131
280092
131222
215147
355168
222451
268267
319653
290405
350388
381103
168563
312714
116588
429134
87003
40043
127278
187153
433457
302449
216033
61753
262186
349181
109915
27429
429253
345548
238006
379172
364091
104103
341225
144179
363426
278855
4359
398124
20911
81893
77489
344270
219463
138778
81193
181491
323067
259701
347445
70389
4537
175609
174002
155455
286602
433185
85966
431299
301176
271079
253897
415071
287342
53465
376576
319689
73876
33680
397776
421720
147806
246668
358136
133896
319213
382125
283028
146823
234282
159933
202688
2580
154502
91491
306119
129975
238901
54366
252591
378043
287123
132158
357666
248744
416496
94497
42260
137495
225329
41169
240130
96030
261639
176135
280670
24862
423978
142305
180427
419751
75528
325843
94860
222206
233840
224321
324888
263952
271828
324356
238549
309163
284038
275114
241710
246750
173353
153719
146162
172695
268814
135258
236936
397669
154619
36319
123523
145561
2240
60580
320014
71405
378559
304740
362766
111689
218077
1710
362418
172121
315657
228047
95418
364580
237859
174521
347859
33556
366108
304836
109469
131685
197593
130651
270498
316047
14269
58134
80317
146172
276817
150127
412943
154459
250881
316693
127089
221215
376841
413309
350791
183225
213450
62301
36651
188818
214743
290658
421170
210797
71358
369755
69371
367647
125826
32560
425403
243970
14797
344579
219617
175788
321541
132291
271823
15863
165714
121670
53550
198584
18415
68850
370438
68439
235674
333272
157030
126497
130064
111768
353993
92412
423849
341085
375115
393455
257981
281488
216980
333311
340106
84910
149039
156370
239374
184625
219347
98594
32835
419326
422830
55124
68189
327965
40107
109947
285007
366231
7517
257710
285491
97522
292344
255995
282899
397566
418354
24897
207143
218207
40672
167222
365405
156662
181780
326413
267732
173712
269275
210418
197504
121450
185409
227022
170973
371538
155427
41894
274143
15059
86638
329504
288870
356863
273812
92286
177518
73144
39860
89840
347484
274366
369567
283270
199873
226908
306185
21760
165727
321626
142874
204532
308980
374736
317573
275761
399078
162615
92067
281468
262932
81957
363164
279244
150240
235410
18877
172144
80801
23308
127161
41546
351194
115459
353639
87851
427029
323431
283323
291236
241315
47800
415588
384611
395647
87864
109896
391010
83542
8793
109045
226803
200087
274179
228841
153606
66468
412955
232005
392678
251937
285811
204053
71400
224121
283944
368273
347814
407790
177170
97598
247044
75511
277445
242624
387335
198558
15236
378733
127508
78404
3299
265195
253293
235320
294146
118750
140844
229445
41940
389746
3803
213228
95419
349091
281514
119305
431950
116321
139440
334353
332030
181907
426386
395519
396753
333767
369221
193087
251836
127255
179372
222971
90956
101124
340984
67668
421643
237459
261990
337808
374257
402184
19164
29326
133531
173326
111656
178079
278261
186884
370000
306191
246320
114465
31927
65970
406821
242369
115672
390838
333463
350851
432493
66356
89242
288753
180561
427722
424730
234967
11873
163669
371818
85573
413485
133470
21894
400191
381064
79898
173575
179403
177079
152229
215244
273263
316477
380867
414055
367190
358578
116881
303483
417210
235861
240205
340389
20279
153707
54663
54526
217878
249916
292510
281772
36255
188579
413514
306070
220897
334303
411222
149679
209575
338126
241296
122079
276638
204984
412495
179973
199290
319146
5327
155725
146034
269956
351904
138704
391186
351865
226091
261862
391177
119677
108648
98259
373123
93489
326946
36991
361646
85478
148596
285404
315773
173170
184681
280316
243923
361482
229483
15209
5541
345630
221900
84768
125385
355148
322417
137244
163990
305495
310811
355200
146302
83708
221117
143963
16659
255953
216311
12599
333542
291063
311763
169362
108176
31016
44640
67515
376655
24746
118169
128419
301949
268254
15171
363756
61514
126524
378191
264532
261515
47772
398044
197091
75383
285371
117360
129893
186570
222455
288214
327447
27967
168018
287370
406356
39687
20024
283555
353192
8865
61325
191877
429188
114536
108374
239618
146908
423686
103666
170959
211656
240326
11103
67791
333389
343900
235852
257427
86875
268171
402101
241596
37161
167128
199739
191793
318848
226227
346057
325581
192986
242578
365344
304804
350113
155093
185312
259333
178587
297977
179967
320658
298867
194435
192857
13327
179623
169980
340021
125825
360883
329879
202755
70257
295251
372284
331110
43505
232318
60154
157477
269456
191130
150065
38959
293157
117575
327295
180866
84124
361591
164073
68673
387485
347501
192400
75190
424152
32351
237572
350610
405611
277660
338291
262471
85997
406241
398096
38958
206757
340846
164278
50479
35181
319952
329858
372122
96980
48514
156956
196221
257649
154873
372524
155112
167599
78087
31480
421439
107222
21161
413922
423013
348553
71045
248295
330656
202227
401099
326612
137404
242866
106159
13486
268903
383072
406119
286747
74185
157384
29719
98856
431245
382092
189990
358195
126864
90337
379320
48005
411972
88359
386834
149167
149806
5037
386288
368172
90635
305529
105002
405225
228856
122449
151814
337634
416442
412084
11562
301925
131342
47320
92290
417972
375679
46425
431354
289238
20335
189634
376665
435397
346049
86385
185379
250713
299722
166192
305658
297892
32051
370883
14109
148014
428501
250848
318653
132583
46421
71459
419681
343623
124082
80669
170351
158591
213195
4279
45270
290293
311608
45593
409851
59692
106927
419387
158652
388505
382658
122277
137357
419979
263371
372272
192356
247984
35997
105974
112376
315007
402201
359462
326848
226705
362758
92223
242054
224144
286715
218110
45710
97329
258773
125419
152230
429595
67331
60805
402655
61079
79030
13590
405418
86730
324664
45253
364803
371065
106859
263456
43822
117330
20675
48375
152044
310412
160074
293855
18020
85334
324047
275589
315801
26603
291535
285756
338022
276978
372981
36824
303246
199149
355167
216096
158345
424448
188987
82724
98701
61351
432277
300040
56462
354472
301841
309377
18927
269032
80783
36755
351641
113749
100765
168262
205812
294434
381189
428155
365005
108474
49336
231877
