27034
128746
132925
17770
95501
219238
18518
150660
184592
261042
256703
48097
155300
111267
64702
260933
66383
231152
182190
98921
60163
89097
60267
220979
9015
138388
221229
51217
198348
178027
104005
47908
132017
202188
260593
56177
241048
33872
26390
233499
45581
56863
258404
239493
35611
62629
151045
72108
114311
170395
244721
158500
76493
243335
235917
161212
47245
104285
89149
250043
59441
155940
50272
231246
96576
43795
136934
161061
158236
4977
123031
178187
145319
78207
79470
81030
144779
112064
163891
249536
17284
76451
30988
42339
206728
34387
88900
104925
213306
2383
143349
79098
104276
154992
10972
236169
110989
244829
192338
168148
226110
243470
170410
27850
44250
129799
156795
39116
119792
78949
223246
136543
225904
54106
49022
233561
222811
131201
36147
2286
205821
152793
116936
40741
179264
104386
46971
90807
206836
165032
162572
174680
75341
181329
250489
46759
227157
249736
245331
34116
105233
135475
184796
226181
155283
1170
109307
67305
18215
182050
55198
239157
44705
62718
128986
241115
157334
6153
113888
142001
94941
171409
229212
145220
9201
182358
75333
233978
61187
12040
257071
124237
228338
222976
247976
250991
65719
34952
170861
203983
262034
25695
95165
183624
40367
233136
227296
5457
189838
179575
90504
236507
63028
96195
216116
44981
42517
111020
84123
226824
100345
157429
116812
246273
18592
172610
198730
148470
121434
166159
201893
2280
130361
111841
68562
140613
241563
154163
3558
177254
218334
143237
245602
31794
87286
121853
71352
228413
138880
257178
74465
218856
94460
205683
85344
114115
141689
61126
103160
95267
78152
207782
14248
244636
28204
20321
166634
101642
234059
137415
86136
187560
66600
225817
90272
928
155447
97697
45097
169030
190120
42051
61325
216830
53484
227510
248013
262312
133467
93824
138685
251305
212528
75411
19867
12923
207434
174447
105708
4782
264113
80417
25461
177303
131436
177029
111910
241085
110457
29358
146107
1923
70795
96452
149570
255557
119075
167683
48457
11584
170348
92219
77689
228872
253440
109721
41078
30114
258649
131604
17785
230109
218948
49235
44130
146858
121545
215384
2257
259642
118440
226216
22871
168672
247916
12415
202425
74487
121314
18
201673
97982
46
236132
160685
175613
191605
233926
78392
206127
97204
213616
217058
141470
135983
135978
134157
17096
227559
197021
39223
160139
24306
5718
217181
147114
260074
232582
91990
116995
43872
162681
36342
237802
21103
141946
5956
88099
184643
136795
62557
195414
141170
215209
73537
240114
10777
76578
247671
188476
218506
18636
30577
242341
179016
111110
88506
70689
232656
39518
156422
219151
104212
158845
71175
94645
199844
197861
71121
151373
22044
15780
241738
149319
39070
148672
191009
1686
172799
57717
232997
17514
154346
26829
64900
94889
82166
64132
71713
26159
200798
106306
161015
165751
166228
131523
102563
125041
162738
231808
589
241076
120159
69570
105114
11630
143926
147992
103902
149851
189773
96922
205914
30335
160037
234325
43319
224343
78589
238702
184823
5121
32931
214388
27599
213070
187674
31186
9483
118549
132802
49053
12884
169837
155574
159290
28765
17823
20274
200244
138038
225282
25058
141076
217705
204452
127678
238315
195599
256863
202824
51961
187801
105830
227220
260657
109965
36302
168265
62057
50243
64479
54871
118093
114368
87371
239957
133309
73700
30206
13968
13668
194628
216024
149159
243970
240125
187218
167391
198645
122033
157671
157335
138163
38879
119954
95542
26306
108273
55226
135605
98043
149199
177534
154991
20110
74789
256999
104334
136552
128849
194884
129709
112894
53461
227658
260666
219480
67574
173791
27004
79415
61514
198466
82238
102913
211893
219150
221054
197974
85050
37770
46542
62723
94440
105215
42538
65644
117264
78349
30605
85591
252053
40239
7247
186283
196362
25873
199822
261555
103653
63330
231244
49876
77092
138354
59810
208021
179628
151866
57932
251075
98427
170459
88915
129761
27273
156491
189941
51188
117693
110210
90146
119060
111730
139835
107242
245240
121507
41358
232712
208908
105353
174215
156262
149310
262634
228264
39911
186155
46102
1553
114742
41253
210639
137866
156319
208577
114666
263907
141251
251338
252027
95680
18248
138166
52982
133550
141622
154326
119725
251077
224146
44377
32828
77553
227446
188652
114320
7890
222611
198193
203275
177025
103003
164286
144222
1460
112667
114185
78429
81811
146238
227534
116071
6635
206148
133090
22834
200443
185236
75324
84209
114163
15662
138646
111338
32786
30760
261712
93523
222294
147443
28410
206103
188715
227631
55916
24865
260797
53146
106081
136297
4045
75217
166336
141657
71607
247572
93913
247516
254970
17598
181111
13059
180032
159360
215724
247605
168998
27101
212320
127756
157242
165446
31581
222017
75992
257308
158665
227463
198651
262806
102118
244241
74390
168446
75439
30449
95841
20494
223625
35110
156730
12361
259152
55537
65864
39868
183940
31177
245179
83011
260524
180778
227713
235161
64534
164319
233355
209439
177940
61352
233677
192220
261930
193319
21838
92381
156182
255149
259879
134367
234009
193714
63461
36516
263437
215717
137274
76657
34394
16387
23975
92018
70112
14571
77646
147356
59805
40699
130153
216543
125514
194572
76391
222114
253671
223911
190547
63069
57187
225270
211528
259865
131508
69099
124102
81520
207770
139483
9330
65264
61533
225624
27794
24436
73944
91501
155873
155744
35858
61077
67858
258808
65791
54512
57135
37720
242937
250921
269
19021
14795
98489
232129
179624
79847
261107
253603
140182
73177
182834
51566
198578
40508
90247
185351
141897
163612
149215
81632
204819
194246
88669
212616
246189
12018
33447
222642
27478
25325
234882
109966
146930
258099
147171
80264
172592
229660
118586
197410
118696
58859
73142
50340
33978
254249
38066
262576
154258
71902
106812
203910
208186
233165
256337
130965
147980
150326
43361
176361
142739
98109
15224
146429
189594
96119
183496
176456
95466
155338
256153
261804
148942
31281
61078
259276
59091
257020
117449
175609
123693
33022
17468
6453
75984
215861
101089
258679
131486
210463
182471
65744
12745
247539
35148
12170
254717
13906
212971
68651
230227
62380
251527
206901
232080
193396
13048
64214
217823
152407
21066
32192
92871
231491
85141
102227
61980
257710
155322
247064
165815
60797
77978
172261
223169
212437
86002
221971
139464
160339
229771
51844
83801
70475
76078
263395
98433
37771
23620
63515
9817
171158
7153
257706
164366
88461
95413
8329
144715
169725
257198
232923
92267
251946
245510
226387
5777
167734
27483
15768
133554
45572
220139
3835
216961
70950
163032
54659
247982
146768
136744
62961
74240
184920
229795
125620
186729
56930
187035
241613
198813
23798
231588
32507
48285
168844
90216
158728
178902
76233
95284
244450
184207
76766
152212
184167
111516
253
50425
194227
219549
255713
57826
100707
48846
84384
217751
88448
109472
108258
118548
136232
118266
173809
53050
63197
132667
211624
161586
118960
176674
177027
258618
245859
174764
98081
190939
63944
119611
152047
207459
108962
255012
170623
209543
140382
154701
21534
239445
201533
27444
133317
22137
39881
110385
195306
104892
166278
264241
151882
214395
51172
129052
164978
158293
123447
82360
117792
81092
156018
138758
60015
1743
161485
166617
140960
260492
25651
147877
242588
96470
146674
155767
135749
206189
32476
24785
24392
170072
155023
166660
214372
89020
54104
170509
192332
160636
169239
237730
172946
106676
94530
186633
11784
23457
90894
76666
124290
206615
231290
22073
31850
223913
127542
242479
12783
111685
70361
93385
171343
73915
163783
86956
53393
117544
26224
120507
183744
142210
127454
263424
146154
72531
82955
203239
161448
146271
158955
144369
244369
262301
153949
80543
73061
16573
141286
118922
104390
129488
12868
169206
57892
120452
90978
122183
204346
220610
83700
223792
232111
146807
188351
22136
140334
205486
151629
64089
159053
64309
229759
156080
48158
28171
117240
250161
30395
36067
168255
244727
263709
19795
199714
77747
133978
86077
236281
48969
262365
116059
261140
111295
92279
96839
90451
127076
225171
141152
85069
39663
16673
98448
170039
68832
224109
65278
254510
68645
157625
46892
252741
162908
193515
14923
257133
32109
109043
177794
138999
66626
249696
152197
53724
142522
108221
248585
99411
19415
127608
168400
35502
11920
94030
200341
246696
201715
118006
44341
164380
228617
213738
33726
240197
136260
155486
13073
137493
243656
5849
37996
3037
30630
114959
158469
197421
148677
225334
139634
225321
133357
154167
252011
221523
107009
39331
149562
182266
133170
83483
228541
182682
13118
202130
3833
249570
21715
73373
94371
122288
90337
104499
112906
49539
238055
184854
194175
26656
89324
86604
37797
35039
153908
139957
181412
232044
55113
38671
1399
31129
210336
104004
156506
8158
145882
263014
6542
66423
248519
141171
91320
230686
14459
237642
155886
153969
245120
20142
114642
198765
125329
100344
108144
789
12249
77176
44865
212565
170135
76500
182189
69969
31506
204591
123422
188394
22730
82601
247593
175683
34985
264167
9595
110067
196028
160366
47384
67143
162106
203752
213662
105564
122219
83069
25452
60601
70864
149808
152778
54792
92354
95699
84957
205323
102635
195949
15649
126555
193654
158745
189752
2441
31526
241094
236691
156302
99367
85277
25331
181867
181983
132109
228275
93247
16005
146556
113996
260714
178578
229408
213858
91791
12074
63322
141269
171886
31902
211581
184241
208777
77191
52037
212859
189717
92254
182613
124441
86835
5473
234754
10969
136411
190837
141890
162343
258423
209013
126316
230587
259496
168708
222479
70449
200729
220620
121609
254168
207508
37176
105037
243166
141047
119447
122474
18649
179215
122203
93388
26477
187391
15680
177347
95464
163229
7564
237098
93397
239732
46468
176026
95621
116029
51769
73648
55629
243635
131823
226088
152976
145726
169156
147852
49600
82762
202140
20087
151570
66066
97538
95844
199852
162783
29520
215151
107170
207219
11679
57422
229256
200405
150437
176519
259056
53618
68754
212334
178912
144349
161329
224512
252899
137556
16050
54173
36130
13855
115183
39473
214985
227644
116720
168776
12046
199861
102715
250618
59157
133595
206161
165858
202107
199141
147243
197663
177852
35439
231707
231406
48500
152798
243301
173967
215348
193186
134568
166005
107889
1935
60810
116990
221642
175601
256948
185112
70856
57506
21707
20861
223198
129056
35107
34435
242574
95342
149439
58947
44026
25314
255273
55998
152432
22452
23551
202533
7914
197363
230741
49636
4079
115164
70792
182706
136752
192679
57949
246076
201031
112984
150040
204201
253428
243731
31510
243992
193249
151162
176564
171183
202357
33068
48118
166923
62394
238469
106807
159084
216683
133247
248457
218578
102612
834
10016
73742
10185
107641
254175
245255
10023
17481
206647
174927
179552
145512
114109
51622
67298
248828
23038
180706
143222
35691
226238
118821
78994
74921
14734
787
33009
133790
134260
134233
28091
32449
216546
30539
112259
207912
134295
64856
51453
103571
86527
9724
196089
65322
209745
205632
83105
111211
63984
30786
84609
188720
146609
70443
10243
36432
70164
178325
225818
405
72846
150825
207203
151802
177944
156985
100437
211609
144278
211194
134969
211031
71264
173771
110738
170834
64416
132847
168983
99838
153023
255939
81973
182344
252480
61327
237087
67717
82973
230241
6392
72762
120499
138572
132758
226769
137239
70433
48607
119164
180793
187069
163975
107225
84973
19386
145065
95961
99767
21254
211653
36635
80548
250185
262762
171639
41088
245571
8844
221153
24720
114645
121154
126787
120892
34582
238165
81672
241497
172933
197517
216550
3635
230203
189956
44893
34751
185996
150188
159616
50811
6663
61744
15034
142177
196301
264104
148935
52413
142921
21302
72024
63080
104271
189938
54835
98229
25031
69214
53754
148333
50574
50533
247496
167158
191088
106109
159561
4061
150989
235987
93687
258830
110275
77937
123770
66904
126216
71096
49906
213821
258753
66551
150126
44772
61252
161273
13355
24298
244391
237798
32692
88385
253499
206468
24759
61138
250875
245559
209937
101997
254572
56624
161361
61964
182216
55862
184942
48365
45056
37118
92543
239368
55052
93120
226166
161313
37947
175188
252696
40636
16993
109602
141228
86343
150034
219945
230468
242756
191204
213780
200733
12112
201250
199282
7862
213811
135600
186899
73337
85899
84236
68202
37164
32488
174826
50428
142419
34045
142014
143556
14711
250482
145392
35506
9498
245508
158569
71102
143416
31458
218523
211917
193988
200497
26227
233901
176047
177971
133583
72129
139545
171245
2004
89692
104836
29714
148250
210966
188225
83645
82556
106059
75248
108174
198933
141829
241267
34967
16628
170438
97608
5958
238703
217901
131690
2941
148735
73027
130847
27387
71949
252519
85965
173441
37664
40133
235863
117210
211052
234693
240104
92111
162321
212073
109238
72427
192893
163609
66578
137330
36048
126848
192117
192429
72911
120437
43098
37995
262989
120645
80105
95921
34375
99857
35081
151733
171741
100465
58242
8248
145041
237653
7202
39722
189848
171667
195663
90317
235213
100248
226473
83722
250558
108711
239476
254820
200993
250020
257771
253288
128322
91448
222629
110861
192871
68766
147504
170728
63489
213754
68635
147726
140115
132248
254142
231933
108055
250066
224107
193058
12250
79536
114116
130612
232907
244456
83557
154774
242265
84880
223114
78322
5446
165512
224647
193534
189511
97291
35800
206810
19957
34206
51790
235216
147525
21716
184329
20821
220042
32778
49817
250461
71742
239058
230116
10370
263769
82184
247489
133573
123322
87853
127561
249332
49007
38130
42891
10352
60544
79493
134937
243658
43817
189162
124291
71889
11270
7229
244163
9422
116359
151719
132164
221723
139054
185708
223851
172462
132313
228118
77781
44296
159941
40852
32984
142372
131400
103075
106271
180562
107827
174747
4583
104025
153466
195293
233387
134264
186658
105766
223352
210839
249119
1766
71161
210261
526
78140
73964
173826
42980
230945
222181
139486
44886
125622
39956
183864
128669
181763
134748
226886
170104
82252
96080
161077
172965
166805
74270
113724
253272
240670
150897
150038
42619
173377
115343
170899
136531
105473
173371
189326
5094
260641
235462
8882
93304
46595
14631
15031
16610
92414
98860
117605
116094
10638
20104
232718
227591
24141
188202
111702
190834
101811
82018
189713
192404
141679
157969
192591
203271
84498
142321
218099
203117
79005
129433
57497
27097
5180
131774
21974
236384
45865
215653
33329
102697
190210
8947
164606
212602
20705
65954
69503
18116
143728
16097
45741
114979
18254
80326
51059
148803
58886
17996
174278
137521
75454
40785
180071
108572
159470
48080
133585
68954
152403
157755
247578
75431
70881
203451
191761
233268
137536
206049
156611
79388
63825
180969
21864
158695
26687
106990
166723
97140
163390
80604
126494
39356
21030
197731
82639
112769
164142
141155
207959
17325
128308
13385
113701
80603
222038
158796
124408
191240
248617
74356
133280
159896
160150
128568
194505
247107
113376
198915
188889
110853
234861
252315
142601
124779
94576
44701
131572
58372
214438
27952
27724
42968
42481
145475
67408
56286
134631
176066
236826
152990
59530
244601
181786
137544
143865
243050
234128
113750
201106
67468
253908
14648
252122
61391
10381
106412
74659
29432
83693
145533
227699
166520
34788
164111
167759
152470
164810
70602
204789
151974
135753
207254
43626
8534
137331
173549
33601
139823
27373
70849
250524
6066
74957
178725
82524
188789
111622
123287
239832
29065
113714
147203
255357
128838
55048
261570
188066
247711
83649
9610
210864
12234
67420
131202
36995
181715
261491
241078
170615
174833
212424
95776
126973
56134
240377
214502
76423
21373
44985
52794
190620
100321
14536
5642
172651
248571
183611
169227
158364
74083
178770
59446
79832
28928
49974
120167
211132
222153
20634
191441
162180
96096
230667
157323
138826
18743
106787
230682
247453
23626
156623
191157
80748
201281
171571
103502
261155
181632
628
21881
87345
7958
6286
162481
167008
247699
4307
246996
171317
53054
185471
17951
136330
109798
157200
14413
247856
239347
55452
122984
90514
189328
115698
89770
131065
39122
53101
155113
206626
93860
197677
222757
75709
111353
195023
241826
262076
138670
178946
11065
92792
226822
152449
136057
75388
200967
49797
180994
137648
150434
223662
31560
67106
4891
261463
145420
207592
157840
96791
255989
93525
47868
257046
171200
160585
212705
176946
220571
193550
164777
210428
88056
179440
250053
197909
45252
81001
148578
174507
176687
59178
125422
171998
97282
221105
223664
133164
235234
259312
136998
14991
254604
12658
123497
39580
215747
218922
248191
217697
155361
36320
9193
59546
34588
152689
184683
36789
111032
33589
72698
141004
110045
67205
37559
205459
211831
141810
123400
25108
39352
205573
80043
234079
257647
42565
118526
142779
46858
87706
146439
100943
6757
133935
6470
215179
198829
26413
260521
218788
16413
65958
61152
73238
6081
49587
23439
262590
127377
115871
11320
241551
191490
264069
210732
96860
196709
150506
226535
114335
74755
151529
104469
203607
14230
77537
222564
223561
196817
134336
30650
78570
152128
29081
204995
64948
186425
181470
102573
197826
66674
103315
199696
121930
16658
100068
16588
241667
54909
20735
9434
25273
104613
203628
102481
225840
185309
68675
194640
248837
1191
133328
1305
262795
145251
99551
11205
210136
254091
263910
245990
170814
29287
108090
89548
118836
213343
202055
203490
51388
254229
29986
9261
68387
109899
240449
196706
222540
29962
118754
150748
66781
141454
172180
196387
96300
30244
234617
2519
61375
17597
69626
214019
148527
81490
132893
256204
44429
97824
1362
47542
79142
43243
163109
247615
207489
244232
11890
7099
152224
234402
55467
217781
250215
210631
71272
39923
38616
8583
153425
208977
137906
148542
170818
