27034
128746
132925
17770
95501
219238
18518
150660
184592
261042
256703
48097
155300
111267
64702
260933
66383
231152
182190
98921
60163
89097
60267
220979
9015
138388
221229
51217
198348
178027
104005
47908
132017
202188
260593
56177
241048
33872
26390
233499
45581
56863
258404
239493
35611
62629
151045
72108
114311
170395
244721
158500
76493
243335
235917
161212
47245
104285
89149
250043
59441
155940
50272
231246
96576
43795
136934
161061
158236
4977
123031
178187
145319
78207
79470
81030
144779
112064
163891
249536
17284
76451
30988
42339
206728
34387
88900
104925
213306
2383
143349
79098
104276
154992
10972
236169
110989
244829
192338
168148
226110
243470
170410
27850
44250
129799
156795
39116
119792
78949
223246
136543
225904
54106
49022
233561
222811
131201
36147
2286
205821
152793
116936
40741
179264
104386
46971
90807
206836
165032
162572
174680
75341
181329
250489
46759
227157
249736
245331
34116
105233
135475
184796
226181
155283
1170
109307
67305
18215
182050
55198
239157
44705
62718
128986
241115
157334
6153
113888
142001
94941
171409
229212
145220
9201
182358
75333
233978
61187
12040
257071
124237
228338
222976
247976
250991
65719
34952
170861
203983
262034
25695
95165
183624
40367
233136
227296
5457
189838
179575
90504
236507
63028
96195
216116
44981
42517
111020
84123
226824
100345
157429
116812
246273
18592
172610
198730
148470
121434
166159
201893
2280
130361
111841
68562
140613
241563
154163
3558
177254
218334
143237
245602
31794
87286
121853
71352
228413
138880
257178
74465
218856
94460
205683
85344
114115
141689
61126
103160
95267
78152
207782
14248
244636
28204
20321
166634
101642
234059
137415
86136
187560
66600
225817
90272
928
155447
97697
45097
169030
190120
42051
61325
216830
