27034
128746
132925
17770
95501
219238
18518
150660
184592
261042
256703
48097
155300
111267
64702
260933
66383
231152
182190
98921
60163
89097
60267
220979
9015
138388
221229
51217
198348
178027
104005
47908
132017
202188
260593
56177
241048
33872
26390
233499
45581
56863
258404
239493
35611
62629
151045
72108
114311
170395
244721
158500
76493
243335
235917
161212
47245
104285
89149
250043
59441
155940
50272
231246
96576
43795
136934
161061
158236
4977
123031
178187
145319
78207
79470
81030
144779
112064
163891
249536
17284
76451
30988
42339
206728
34387
88900
104925
213306
2383
143349
79098
104276
154992
10972
236169
110989
244829
192338
168148
226110
243470
170410
27850
44250
129799
156795
39116
119792
78949
223246
136543
225904
54106
49022
233561
222811
131201
36147
2286
205821
152793
116936
40741
179264
104386
46971
90807
206836
165032
162572
174680
75341
181329
250489
46759
227157
249736
245331
34116
105233
135475
184796
226181
155283
1170
109307
67305
18215
182050
55198
239157
44705
62718
128986
241115
157334
6153
113888
142001
94941
171409
229212
145220
9201
182358
75333
233978
61187
12040
257071
124237
228338
222976
247976
250991
65719
34952
170861
203983
262034
25695
95165
183624
40367
233136
227296
5457
189838
179575
90504
236507
63028
96195
216116
44981
42517
111020
84123
226824
100345
157429
116812
246273
18592
172610
198730
148470
121434
166159
201893
2280
130361
111841
68562
140613
241563
154163
3558
177254
218334
143237
245602
31794
87286
121853
71352
228413
138880
257178
74465
218856
94460
205683
85344
114115
141689
61126
103160
95267
78152
207782
14248
244636
28204
20321
166634
101642
234059
137415
86136
187560
66600
225817
90272
928
155447
97697
45097
169030
190120
42051
61325
216830
53484
227510
248013
262312
133467
93824
138685
251305
212528
75411
19867
12923
207434
174447
105708
4782
264113
80417
25461
177303
131436
177029
111910
241085
110457
29358
146107
1923
70795
96452
149570
255557
119075
167683
48457
11584
170348
92219
77689
228872
253440
109721
41078
30114
258649
131604
17785
230109
218948
49235
44130
146858
121545
215384
2257
259642
118440
226216
22871
168672
247916
12415
202425
74487
121314
18
201673
97982
46
236132
160685
175613
191605
233926
78392
206127
97204
213616
217058
141470
135983
135978
134157
17096
227559
197021
39223
160139
24306
5718
217181
147114
260074
232582
91990
116995
43872
162681
36342
237802
21103
141946
5956
88099
184643
136795
62557
195414
141170
215209
73537
240114
10777
76578
247671
188476
218506
18636
30577
242341
179016
111110
88506
70689
232656
39518
156422
219151
104212
158845
71175
94645
199844
197861
71121
151373
22044
15780
241738
149319
39070
148672
191009
1686
172799
57717
232997
17514
154346
26829
64900
94889
82166
64132
71713
26159
200798
106306
161015
165751
166228
131523
102563
125041
162738
231808
589
241076
120159
69570
105114
11630
143926
147992
103902
149851
189773
96922
205914
30335
160037
234325
43319
224343
78589
238702
184823
5121
32931
214388
27599
213070
187674
31186
9483
118549
132802
49053
12884
169837
155574
159290
28765
17823
20274
200244
138038
225282
25058
141076
217705
204452
127678
238315
195599
256863
202824
51961
187801
105830
227220
260657
109965
36302
168265
62057
50243
64479
54871
118093
114368
87371
239957
133309
73700
30206
13968
13668
194628
216024
149159
243970
240125
187218
167391
198645
122033
157671
157335
138163
38879
119954
95542
26306
108273
55226
135605
98043
149199
177534
154991
20110
74789
256999
104334
136552
128849
194884
129709
112894
53461
227658
260666
219480
67574
173791
27004
79415
61514
198466
82238
102913
211893
219150
221054
197974
85050
37770
46542
62723
94440
105215
42538
65644
117264
78349
30605
85591
252053
40239
7247
186283
196362
25873
199822
261555
103653
63330
231244
49876
77092
138354
59810
208021
179628
151866
57932
251075
98427
170459
88915
129761
27273
156491
189941
51188
117693
110210
90146
119060
111730
139835
107242
245240
121507
41358
232712
208908
105353
174215
156262
149310
262634
228264
39911
186155
46102
1553
114742
41253
210639
137866
156319
208577
114666
263907
141251
251338
252027
95680
18248
138166
52982
133550
141622
154326
119725
251077
224146
44377
32828
77553
227446
188652
114320
7890
222611
198193
203275
177025
103003
164286
144222
1460
112667
114185
78429
81811
146238
227534
116071
6635
206148
133090
22834
200443
185236
75324
84209
114163
15662
138646
111338
32786
30760
261712
93523
222294
147443
28410
206103
188715
227631
55916
24865
260797
53146
106081
136297
4045
75217
166336
141657
71607
247572
93913
247516
254970
17598
181111
13059
180032
159360
215724
247605
168998
27101
212320
127756
157242
165446
31581
222017
75992
257308
158665
227463
198651
262806
102118
244241
74390
168446
75439
30449
95841
20494
223625
35110
156730
12361
259152
55537
65864
39868
183940
31177
245179
83011
260524
180778
227713
235161
64534
164319
233355
209439
177940
61352
233677
192220
261930
193319
21838
92381
156182
255149
259879
134367
234009
193714
63461
36516
263437
215717
137274
76657
34394
16387
23975
92018
70112
14571
77646
147356
59805
40699
130153
216543
125514
194572
76391
222114
253671
223911
190547
63069
57187
225270
211528
259865
131508
69099
124102
81520
207770
139483
9330
65264
61533
225624
27794
24436
73944
91501
155873
155744
35858
61077
67858
258808
65791
54512
57135
37720
242937
250921
269
19021
14795
98489
232129
179624
79847
261107
253603
140182
73177
182834
51566
198578
40508
90247
185351
141897
163612
149215
81632
204819
194246
88669
212616
246189
12018
33447
222642
27478
25325
234882
109966
146930
258099
147171
80264
172592
229660
118586
197410
118696
58859
73142
50340
33978
254249
38066
262576
154258
71902
106812
203910
208186
233165
256337
130965
147980
150326
43361
176361
142739
98109
15224
146429
189594
96119
183496
176456
95466
155338
256153
261804
148942
31281
61078
259276
59091
257020
117449
175609
123693
33022
17468
6453
75984
215861
101089
258679
131486
210463
182471
65744
12745
247539
35148
12170
254717
13906
212971
68651
230227
62380
251527
206901
232080
193396
13048
64214
217823
152407
21066
32192
92871
231491
85141
102227
61980
257710
155322
247064
165815
60797
77978
172261
223169
212437
86002
221971
139464
160339
229771
51844
83801
70475
76078
263395
98433
37771
23620
63515
9817
171158
7153
257706
164366
88461
95413
8329
144715
169725
257198
232923
92267
251946
245510
226387
5777
167734
27483
15768
133554
45572
220139
3835
216961
70950
163032
54659
247982
146768
136744
62961
74240
184920
229795
125620
186729
56930
187035
241613
198813
23798
231588
32507
48285
168844
90216
158728
178902
76233
95284
244450
184207
76766
152212
184167
111516
253
50425
194227
219549
255713
57826
100707
48846
84384
217751
88448
109472
108258
118548
136232
118266
173809
53050
63197
132667
211624
161586
118960
176674
177027
258618
245859
174764
98081
190939
63944
119611
152047
207459
108962
255012
170623
209543
140382
154701
21534
239445
201533
27444
133317
22137
39881
110385
195306
104892
166278
264241
151882
214395
51172
129052
164978
158293
123447
82360
117792
81092
156018
138758
60015
1743
161485
166617
140960
260492
25651
147877
242588
96470
146674
155767
135749
206189
32476
24785
24392
170072
155023
166660
214372
89020
54104
170509
192332
160636
169239
237730
172946
106676
94530
186633
11784
23457
90894
76666
124290
206615
231290
22073
31850
223913
127542
242479
12783
111685
70361
93385
171343
73915
163783
86956
53393
117544
26224
120507
183744
142210
127454
263424
146154
72531
82955
203239
161448
146271
158955
144369
244369
262301
153949
80543
73061
16573
141286
118922
104390
129488
12868
169206
57892
120452
90978
122183
204346
220610
83700
223792
232111
146807
188351
22136
140334
205486
151629
64089
159053
64309
229759
156080
48158
28171
117240
250161
30395
36067
168255
244727
263709
19795
199714
77747
133978
86077
236281
48969
262365
116059
261140
111295
92279
96839
90451
127076
225171
141152
85069
39663
16673
98448
170039
68832
224109
65278
254510
68645
157625
46892
252741
162908
193515
14923
257133
32109
109043
177794
138999
66626
249696
152197
53724
142522
108221
248585
99411
19415
127608
168400
35502
11920
94030
200341
246696
201715
118006
44341
164380
228617
213738
33726
240197
136260
155486
13073
137493
243656
5849
37996
3037
30630
114959
158469
197421
148677
225334
139634
225321
133357
154167
252011
221523
107009
39331
149562
182266
133170
83483
228541
182682
13118
202130
3833
249570
21715
73373
94371
122288
90337
104499
112906
49539
238055
184854
194175
26656
89324
86604
37797
35039
153908
139957
181412
232044
55113
38671
1399
31129
210336
104004
156506
8158
145882
263014
6542
66423
248519
141171
91320
230686
14459
237642
155886
153969
245120
20142
114642
198765
125329
100344
108144
789
12249
77176
44865
212565
170135
76500
182189
69969
31506
204591
123422
188394
22730
82601
247593
175683
34985
264167
9595
110067
196028
160366
47384
67143
162106
203752
213662
105564
122219
83069
25452
60601
70864
149808
152778
54792
92354
95699
84957
205323
102635
195949
15649
126555
193654
158745
189752
2441
31526
241094
236691
156302
99367
85277
25331
181867
181983
132109
228275
93247
16005
146556
113996
260714
178578
229408
213858
91791
12074
63322
141269
171886
31902
211581
184241
208777
77191
52037
212859
189717
92254
182613
124441
86835
5473
234754
10969
136411
190837
141890
162343
258423
209013
126316
230587
259496
168708
222479
70449
200729
220620
121609
254168
207508
37176
105037
243166
141047
119447
122474
18649
179215
122203
93388
26477
187391
15680
177347
95464
163229
7564
237098
93397
239732
46468
176026
95621
116029
51769
73648
55629
243635
131823
226088
152976
145726
169156
147852
49600
82762
202140
20087
151570
66066
97538
95844
199852
162783
29520
215151
107170
207219
11679
57422
229256
200405
150437
176519
259056
53618
68754
212334
178912
144349
161329
224512
252899
137556
16050
54173
36130
13855
115183
39473
214985
227644
116720
168776
12046
199861
102715
250618
59157
133595
206161
165858
202107
199141
147243
197663
177852
35439
231707
231406
48500
152798
243301
173967
215348
193186
134568
166005
107889
1935
60810
116990
221642
175601
256948
185112
70856
57506
21707
20861
223198
129056
35107
34435
242574
95342
149439
58947
44026
25314
255273
55998
152432
22452
23551
202533
7914
197363
230741
49636
4079
115164
70792
182706
136752
192679
57949
246076
201031
112984
150040
204201
253428
243731
31510
243992
193249
151162
176564
171183
202357
33068
48118
166923
62394
238469
106807
159084
216683
133247
248457
218578
102612
834
10016
73742
10185
107641
254175
245255
10023
17481
206647
174927
179552
145512
114109
51622
67298
248828
23038
180706
143222
35691
226238
118821
78994
74921
14734
787
33009
133790
134260
134233
28091
32449
216546
30539
112259
207912
134295
64856
51453
103571
86527
9724
196089
65322
209745
205632
83105
111211
63984
30786
84609
188720
146609
70443
10243
36432
70164
178325
225818
405
72846
150825
207203
151802
177944
156985
100437
211609
144278
211194
134969
211031
71264
173771
110738
170834
64416
132847
168983
99838
153023
255939
81973
182344
252480
61327
237087
67717
82973
230241
6392
72762
120499
138572
132758
226769
137239
70433
48607
119164
180793
187069
163975
107225
84973
19386
145065
95961
99767
21254
211653
36635
80548
250185
262762
171639
41088
245571
8844
221153
24720
114645
121154
126787
120892
34582
238165
81672
241497
172933
197517
216550
3635
230203
189956
44893
34751
185996
150188
159616
50811
6663
61744
15034
142177
196301
264104
148935
52413
142921
21302
72024
63080
104271
189938
54835
98229
25031
69214
53754
148333
50574
50533
247496
167158
191088
106109
159561
4061
150989
235987
93687
258830
110275
77937
123770
66904
126216
71096
49906
213821
258753
66551
150126
44772
61252
161273
13355
24298
244391
237798
32692
88385
253499
206468
24759
61138
250875
245559
209937
101997
254572
56624
161361
61964
182216
55862
184942
48365
45056
37118
92543
239368
55052
93120
226166
161313
37947
175188
252696
40636
16993
109602
141228
86343
150034
219945
230468
242756
191204
213780
200733
12112
201250
199282
7862
213811
135600
186899
73337
85899
84236
68202
37164
32488
174826
50428
142419
34045
142014
143556
14711
250482
145392
35506
9498
245508
158569
71102
143416
31458
218523
211917
193988
200497
26227
233901
176047
177971
133583
72129
139545
171245
2004
89692
104836
29714
148250
210966
188225
83645
82556
106059
75248
108174
198933
141829
241267
34967
16628
170438
97608
5958
238703
217901
131690
2941
148735
73027
130847
27387
71949
252519
85965
173441
37664
40133
235863
117210
211052
234693
240104
92111
162321
212073
109238
72427
192893
163609
66578
137330
36048
126848
192117
192429
72911
120437
43098
37995
262989
120645
80105
95921
34375
99857
35081
151733
171741
100465
58242
8248
145041
237653
7202
39722
189848
171667
195663
90317
235213
100248
226473
83722
250558
108711
239476
254820
200993
250020
257771
253288
128322
91448
222629
110861
192871
68766
147504
170728
63489
213754
68635
147726
140115
132248
254142
231933
108055
250066
224107
193058
12250
79536
114116
130612
232907
244456
83557
154774
242265
84880
223114
78322
5446
165512
224647
193534
189511
97291
35800
206810
19957
34206
51790
235216
147525
21716
184329
20821
220042
32778
49817
250461
71742
239058
230116
10370
263769
82184
247489
133573
123322
87853
127561
249332
49007
38130
42891
10352
60544
79493
134937
243658
43817
189162
124291
71889
11270
7229
244163
9422
116359
151719
132164
221723
139054
185708
223851
172462
132313
228118
77781
44296
159941
40852
32984
142372
131400
103075
106271
180562
107827
174747
4583
104025
153466
195293
233387
134264
186658
105766
223352
210839
249119
1766
71161
210261
526
78140
73964
173826
42980
230945
222181
139486
44886
125622
39956
183864
128669
181763
134748
226886
170104
82252
96080
161077
172965
166805
74270
113724
253272
240670
150897
150038
42619
173377
115343
170899
136531
105473
173371
189326
5094
260641
235462
8882
93304
46595
14631
15031
16610
92414
98860
117605
116094
10638
20104
232718
227591
24141
188202
111702
190834
101811
82018
189713
192404
141679
157969
192591
203271
84498
142321
218099
203117
79005
129433
57497
27097
5180
131774
21974
236384
45865
215653
33329
102697
190210
8947
164606
212602
20705
65954
69503
18116
143728
16097
45741
114979
18254
80326
51059
148803
58886
17996
174278
137521
75454
40785
180071
108572
159470
48080
133585
68954
152403
157755
247578
75431
70881
203451
191761
233268
137536
206049
156611
79388
63825
180969
21864
158695
26687
106990
166723
97140
163390
80604
126494
39356
21030
197731
82639
112769
164142
141155
207959
17325
128308
13385
113701
80603
222038
158796
124408
191240
248617
74356
133280
159896
160150
128568
194505
247107
113376
198915
188889
110853
234861
252315
142601
124779
94576
44701
131572
58372
214438
27952
27724
42968
42481
145475
67408
56286
134631
176066
236826
152990
59530
244601
181786
137544
143865
243050
234128
113750
201106
67468
253908
14648
252122
61391
10381
106412
74659
29432
83693
145533
227699
166520
34788
164111
167759
152470
164810
70602
204789
151974
135753
207254
43626
8534
137331
173549
33601
139823
27373
70849
250524
6066
74957
178725
82524
188789
111622
123287
239832
29065
113714
147203
255357
128838
55048
261570
188066
247711
83649
9610
210864
12234
67420
131202
36995
181715
261491
241078
170615
174833
212424
95776
126973
56134
240377
214502
76423
21373
44985
52794
190620
100321
14536
5642
172651
248571
183611
169227
158364
74083
178770
59446
79832
28928
49974
120167
211132
222153
20634
191441
162180
96096
230667
157323
138826
18743
106787
230682
247453
23626
156623
191157
80748
201281
171571
103502
261155
181632
628
21881
87345
7958
6286
162481
167008
247699
4307
246996
171317
53054
185471
17951
136330
109798
157200
14413
247856
239347
55452
122984
90514
189328
115698
89770
131065
39122
53101
155113
206626
93860
197677
222757
75709
111353
195023
241826
262076
138670
178946
11065
92792
226822
152449
136057
75388
200967
49797
180994
137648
150434
223662
31560
67106
4891
261463
145420
207592
157840
96791
255989
93525
47868
257046
171200
160585
212705
176946
220571
193550
164777
210428
88056
179440
250053
197909
45252
81001
148578
174507
176687
59178
125422
171998
97282
221105
223664
133164
235234
259312
136998
14991
254604
12658
123497
39580
215747
218922
248191
217697
155361
36320
9193
59546
34588
152689
184683
36789
111032
33589
72698
141004
110045
67205
37559
205459
211831
141810
123400
25108
39352
205573
80043
234079
257647
42565
118526
142779
46858
87706
146439
100943
6757
133935
6470
215179
198829
26413
260521
218788
16413
65958
61152
73238
6081
49587
23439
262590
127377
115871
11320
241551
191490
264069
210732
96860
196709
150506
226535
114335
74755
151529
104469
203607
14230
77537
222564
223561
196817
134336
30650
78570
152128
29081
204995
64948
186425
181470
102573
197826
66674
103315
199696
121930
16658
100068
16588
241667
54909
20735
9434
25273
104613
203628
102481
225840
185309
68675
194640
248837
1191
133328
1305
262795
145251
99551
11205
210136
254091
263910
245990
170814
29287
108090
89548
118836
213343
202055
203490
51388
254229
29986
9261
68387
109899
240449
196706
222540
29962
118754
150748
66781
141454
172180
196387
96300
30244
234617
2519
61375
17597
69626
214019
148527
81490
132893
256204
44429
97824
1362
47542
79142
43243
163109
247615
207489
244232
11890
7099
152224
234402
55467
217781
250215
210631
71272
39923
38616
8583
153425
208977
137906
148542
170818
243407
237947
148767
134788
214353
247772
140131
247434
183753
174046
52091
110893
152194
101518
207911
24022
97087
71048
154106
63636
55635
217338
165451
178679
160829
36259
206508
53467
27616
136433
230972
98876
50047
156376
185558
215476
12968
106725
91382
262240
145057
91786
98434
101971
115947
160455
128460
231444
43870
125502
3610
106813
1895
173138
204477
95562
151651
121474
227943
143887
99759
221899
33074
231483
26913
134596
143505
211559
175591
223241
241302
28762
105074
123242
32033
203337
114338
223457
214817
131689
199403
182479
70918
100802
146658
149490
14426
191284
241610
76359
251391
214153
243287
68835
15124
1833
234716
22535
1222
24073
215646
241522
69495
5058
256347
60523
75644
116119
260924
12561
231101
264291
114208
16314
132079
93828
144820
46665
170243
107231
55623
228940
67161
163025
197283
942
251258
58200
38715
5786
116463
179069
129337
139324
19052
245506
197875
43404
73660
236686
4469
48093
110608
240579
165939
178601
201594
116654
73455
155124
244690
1598
189675
249320
132425
154536
23207
118645
158904
248295
195318
192884
32303
42569
130983
215092
240928
217562
125894
209842
124436
19463
24849
152810
135754
247177
242873
87959
65622
39889
27911
40685
65778
227804
261050
216286
81893
160718
143080
146445
16451
247359
222245
260772
224912
70299
91798
61817
152092
212383
262642
150836
161452
135010
130063
115829
75442
238428
15646
191280
132941
218539
260479
251412
43239
213671
148312
47697
22521
239370
136111
37788
105301
8390
181862
108283
42321
24532
177123
241337
202755
162563
236961
250481
263351
203631
127972
167079
141499
151505
192645
101255
186576
36823
88985
234991
164799
157098
90479
148671
76598
110499
257251
115047
262300
129403
120212
83496
174681
132236
97458
239994
141935
78505
204228
14878
102493
19275
50313
35403
135790
238088
45981
197943
167521
117391
29343
139487
261605
219881
258674
180015
55807
132574
82377
229421
30589
88711
250636
139528
232154
124397
68536
103563
201723
147766
3079
33571
166718
227931
14049
226445
134601
130705
2928
250656
148296
91975
134984
144787
150198
151105
217467
221739
149280
168710
258078
147024
214797
97377
231231
261158
129486
210936
215272
156176
211488
173933
84480
161697
75236
73887
1260
63318
180657
249414
88810
95360
254375
159777
233261
244811
149016
97182
179729
105059
71253
125019
236990
214795
65370
263955
235818
25853
242850
141588
226957
27954
152424
37656
209379
142004
10214
204898
103600
37186
171072
114050
239800
51828
252641
207112
30916
67288
212233
39019
28733
221918
156564
100106
173029
220942
251738
107024
196222
263425
126260
246854
209914
2432
242980
21093
4014
175446
162545
53765
202580
182482
19271
137633
104963
197698
152333
192200
219904
213321
147708
248035
79728
60763
6494
2175
221862
45206
59132
118814
248421
113349
690
170402
23836
226923
106911
134588
12622
81806
39646
184448
16241
217312
171593
183545
24956
119711
155929
2736
182878
112220
213372
97085
165184
75140
184955
59726
182419
102841
240318
217428
69316
259178
260840
19246
251455
148970
172664
96242
235722
154832
240435
93478
141090
214897
189920
233358
211139
69567
99014
62751
252362
23876
227211
115974
89385
189878
210591
24175
181172
235680
67552
112216
14294
170423
185844
157520
262327
244471
107350
240301
66008
237410
67533
56315
245924
116944
49515
229476
173187
218032
161390
50053
184227
208187
256114
192368
96752
3536
233767
183429
58879
14171
105368
241146
147892
133645
64183
200607
158658
174730
162504
133061
210251
14789
9860
31582
70767
153305
258095
195674
190355
36372
204808
80812
1829
162437
243571
58028
256058
69164
51296
44132
181927
89374
202297
175571
106555
242219
208715
244525
14056
70203
67081
5170
67677
88451
164379
124264
231117
119265
171347
138855
255316
46159
219259
217609
146543
52797
71901
82878
71371
205849
245875
205189
89042
34217
141677
207282
214197
145852
50381
53654
40293
144251
50754
58608
210743
85081
158908
204448
3903
75892
226073
145803
42653
14147
189029
22307
220630
72934
79085
149599
75320
218672
129552
109262
133388
57907
247827
57710
254293
196677
75673
23937
43670
10036
158261
18191
84324
67381
98981
162412
202505
204109
97267
216713
53966
173641
158521
72270
262481
128911
232472
179396
207145
169723
181700
217861
222335
188178
202836
233363
238967
33244
133793
232481
54621
131862
252957
68474
118031
99306
30372
178627
204872
181596
106694
232874
200052
150072
235014
191349
52893
181052
110381
35957
189293
155955
77930
1921
82618
4608
93084
189122
165921
143276
61051
41884
174140
118558
215100
63903
83586
128899
21836
134990
106220
46566
166756
27380
27711
235577
6193
7987
6296
34575
238819
206040
179106
244060
39878
35695
51056
235196
256361
38403
39390
187783
45356
259937
110965
142226
259401
14012
159515
54005
99035
205469
222793
222772
162344
1943
95116
119879
169827
56860
159513
193866
170497
131412
45288
134845
154797
160864
246737
200990
28466
209711
164050
170526
38358
206526
90527
23281
131444
2622
242739
208145
56763
107964
1954
138732
101296
66889
118109
154173
84597
43286
77482
199717
67799
24190
79256
240285
176145
33338
24466
111943
217865
137559
165803
134
34451
77447
81435
229164
95655
79540
246647
139378
67637
232049
219598
226740
161364
152370
198008
137347
87210
61092
247367
217894
213168
121669
211840
200249
246425
263442
25109
112418
172692
175179
22558
170952
202849
227803
213274
129610
26511
38418
96980
61458
196668
134215
118567
36699
103017
204513
95456
185744
144037
103259
161411
121830
25833
242811
234
250031
221786
160010
236450
76845
259575
212888
77548
189822
217528
126764
63689
172792
222901
8789
41110
185701
56040
500
142873
60614
223355
183384
250450
146151
88681
101865
153375
92999
170440
77275
79992
60590
95960
116418
166920
53585
166550
205067
43519
132513
48795
23087
91777
29413
247986
232984
235128
245854
230987
132172
3197
213708
205824
92855
11357
181655
240744
74173
17290
226390
162480
63634
30660
240103
222743
180716
127291
13831
53791
201621
25978
206888
148832
48816
21316
189839
55627
225824
3225
10302
40586
171679
184208
227866
131125
60203
231655
171706
48953
72879
234777
134834
140412
18453
180321
105824
226481
103010
160603
133115
29150
153517
83392
258670
166185
76287
168393
62967
15612
147694
148731
134652
200221
262027
222970
135934
39525
45770
30884
114931
164071
169394
185907
214172
76880
126829
10062
41637
89964
225504
139855
149938
87648
237186
4527
173986
184855
238857
69124
58503
55695
2047
93274
231520
152775
255016
130611
183987
40368
102202
117106
202547
176071
127872
91324
172854
98435
208575
165157
227614
145923
216138
138860
13672
116164
116235
32849
210288
12786
143568
228577
174843
43155
43665
155165
67156
169497
9530
179065
198293
203680
12093
93193
61163
47105
247805
86278
60503
25380
221568
173459
89491
205989
152292
37999
13141
136440
12053
214572
76648
9532
153787
168798
116497
47804
115933
78041
184734
126723
257196
97831
219317
24196
151878
252354
162581
103559
8129
45652
243730
81056
91700
120111
12845
69736
261071
223555
125837
92896
150313
212769
226052
99736
5699
237176
152040
186482
8348
165980
69876
103111
57618
216932
190513
201325
229800
250889
74068
241760
164144
36009
79092
175430
135328
194011
213633
162838
227885
131110
166815
54899
150565
92970
47139
7152
188280
163704
63015
84552
209856
159627
211158
242150
97791
51797
228564
22593
138592
35757
64180
65372
31991
223829
219199
184146
55570
35665
149045
228809
75152
174947
6926
85184
208397
106297
171092
185136
261843
149882
126536
63102
166623
63850
229246
204565
64279
205846
88362
210876
82579
179796
59418
12824
259655
112164
143546
50598
51969
79216
251969
207926
250649
125311
191160
112613
113580
82886
131750
91726
25276
75779
31269
26175
132967
182820
101001
225708
5331
110429
3496
62141
104595
136080
120619
209308
32059
167587
198224
39264
26996
135270
12485
151969
39030
226568
22673
163555
250641
529
8974
3695
261535
30242
51045
47274
57485
58591
159325
14929
79000
262229
6370
220379
196389
125162
257689
196260
239262
190324
171396
106113
226444
165197
74236
53339
117313
44980
249754
251912
37113
164428
226128
42317
111085
108596
11677
97965
178925
124293
99109
56466
83344
116924
21945
247987
131124
184797
228070
62009
126191
140196
142853
216739
125566
246252
210747
140574
201530
52213
151590
32739
65335
45539
60587
224587
22867
69870
182851
208735
140239
43749
206329
134963
131697
225473
161255
53149
33778
252853
55290
232532
213165
154511
175509
121858
166077
164122
239692
253240
124789
110269
214808
71661
182148
178274
121110
58893
206080
149779
84676
32430
7371
172955
131566
203109
248878
190497
40838
65259
186726
38714
88447
150725
114275
121975
75631
28652
242992
766
158679
209497
228601
223735
4625
68170
7397
3541
257989
42559
211537
152399
58125
244609
159174
104859
190999
261230
262829
91954
129935
113443
188411
6303
207999
181729
186769
39185
158026
49444
47007
101945
205059
188216
77303
81159
141449
6823
179268
190873
263622
147905
61206
41860
168315
239566
39429
158038
253849
186516
254629
19987
28294
50163
22049
128676
190623
98855
154203
74550
8094
3241
260307
201382
22038
75199
108076
121405
158219
202419
196041
88415
4162
108845
239547
78582
130478
223714
68122
86652
161745
36425
181619
171041
32652
74175
151706
216324
41213
203697
259293
213627
129445
263045
156216
152261
214884
129000
254440
14706
232760
108784
57929
171
163636
253767
39005
261913
60721
191567
186587
69100
105366
70346
15354
56382
65285
78075
114530
36152
208248
217167
58680
182214
76018
222467
10757
170652
160380
230819
146908
201880
221272
91862
204857
219037
88844
219906
14876
241948
159931
131126
150853
50641
104338
43292
108320
224008
236400
123580
120603
97072
6277
110431
220764
49188
208163
144737
230767
12495
39225
10913
224700
62180
62128
88853
233715
140294
130370
21566
202596
109784
161841
60520
139319
191105
237053
184609
215284
243918
183851
62790
141399
91117
128139
260131
34923
247019
177220
52719
163741
46719
71041
246111
223749
28274
56568
24101
42289
16198
31675
81029
216062
85835
49751
58174
210537
222569
233255
233175
164670
223785
205089
138812
224568
156456
34637
163255
4167
219021
235714
68330
41473
139292
103591
46726
174986
174132
193924
181347
171180
45517
47581
187889
138554
170780
220535
169286
92379
149291
36089
263302
7812
41871
66823
40389
175222
178876
261286
8337
140420
225482
168274
172862
10235
244301
199951
115709
106808
77508
106917
214532
128006
240532
9779
260669
229681
23346
251105
111849
85819
159781
20483
83973
189553
101573
231224
69758
27831
41543
141335
260879
149773
166522
241117
108417
142647
23925
141694
236642
10694
9887
4704
194128
204657
170937
239358
36610
249617
86470
18772
51330
230746
62800
32203
104237
33539
37196
193990
64530
85271
256691
247245
9440
89053
88280
173539
174695
89837
73670
235795
68340
198202
139502
20439
47373
53083
21548
158943
72052
42010
122148
84543
132486
207578
134704
79894
75373
196147
43458
234966
3
81704
138690
199583
33852
197291
18815
5918
85340
39875
220761
67615
203135
20553
10327
106864
180356
143982
188500
254246
144375
156654
151388
149441
57452
231684
165954
219276
94487
156323
150730
99401
263068
57878
222025
223471
263158
209846
176551
14181
103903
243343
216443
263279
23052
56409
143819
94601
133097
261932
72286
59338
174224
86825
31851
158946
33039
139196
229874
32894
187579
193462
95282
39042
103317
251797
20900
238143
5648
224816
91980
243519
71279
193746
200882
83989
80158
146985
59776
23531
191799
255573
211784
235091
9985
67162
400
232119
224604
79366
259788
195121
3308
225444
243369
216659
251525
147468
148259
30268
86133
209014
107910
219306
188084
147074
116616
147241
240268
125240
17909
150148
87059
145520
44846
235280
255950
73578
96638
27899
29978
91018
141056
175535
104988
94044
205819
202967
166934
87134
251446
106599
89407
226210
81255
254999
52060
122570
144509
112474
33594
28918
253335
254772
96190
223376
205428
230828
217841
119074
127639
254531
261867
26049
70318
46947
30765
163930
184628
126274
64126
257581
245766
144845
222924
170935
100177
71871
82117
14773
238117
236782
165637
28730
160791
43900
172035
86330
33646
240861
140513
169108
215178
119288
157217
255896
19787
212861
191116
134859
144100
254154
42718
7398
100469
21779
84683
145666
77544
210830
151384
78566
80053
28634
108478
48271
141687
64812
254781
156052
111297
3651
78329
42358
194265
108667
154406
179831
221133
82685
88542
239089
233695
79214
27120
113780
108243
18349
93632
77994
108928
243511
61655
80640
118178
206408
134796
191969
210977
202212
174781
107530
133358
128740
48601
229082
234738
118433
148193
167975
217259
27829
262733
218262
164523
83733
37158
176584
155590
109224
260802
186724
78044
129204
135534
37551
109790
156633
26781
154236
43075
80469
236748
258880
1110
127478
107004
61721
96026
246467
115905
38367
239221
7728
169826
126057
209077
192479
55278
190565
223795
69682
85570
97691
67357
247910
176003
191122
251288
59686
154004
136960
37957
46782
216909
174773
93648
45983
33223
33821
172511
138303
40679
50326
10065
78685
168593
91209
87013
194697
219242
179666
184802
255856
4762
89190
232690
113579
252343
239761
103578
206686
203496
186748
22596
92777
249300
197849
242462
186507
126943
34883
118499
99799
8144
66181
196917
199763
127887
94311
247068
9544
237359
65668
9268
38680
72409
260938
177809
195757
107369
108826
214247
156838
209777
243198
160014
2141
7045
120353
186012
159034
189923
183147
879
153666
99800
206355
67831
187310
100529
194693
94905
137752
86447
176267
91446
153943
36990
15863
146146
200640
121203
176618
80231
199758
70216
89306
151613
1120
160177
158972
195689
95972
22311
76394
147871
195970
247491
233008
163608
95401
221631
217789
37742
187506
97746
229131
40446
254589
112962
200492
22485
160947
240063
115702
218686
20242
37057
189308
58169
236562
173987
234953
48077
220684
211563
80046
131281
219350
127019
18778
208655
144843
110511
170083
202116
63274
58376
44083
32509
166244
124982
157860
3686
67479
12208
27048
242100
141435
123557
26688
109542
76846
97294
244847
106621
109874
133758
208599
59150
104877
124332
61239
199247
84713
245299
168308
123592
89784
94505
140751
62771
68015
48755
193155
236011
27996
169191
51152
76230
231832
101283
139025
255477
150428
134996
43066
41250
182976
252951
89217
242949
20357
6095
214938
42615
258173
61818
102017
127317
186464
198549
114086
80793
205619
49760
231248
243640
211448
3634
81382
82870
17863
220440
148289
160421
141323
115342
380
88417
250014
162966
34456
213418
65946
138774
57803
13379
255993
110425
253293
248351
2900
69725
147331
249040
231312
232692
86451
186044
97990
26657
117426
229418
88220
222515
238433
152721
144601
157684
108322
216537
105087
34845
251565
88538
224874
218157
103289
228208
60031
35149
263017
37243
85866
39888
12479
43978
81738
168257
228087
150488
122629
88893
108585
116854
262202
258177
152621
219048
236102
158018
45588
115474
201804
44021
1073
207685
160513
209191
263868
160228
22765
89520
38330
179744
75001
160103
70899
214328
258097
77790
70634
19079
32362
151531
245780
57607
37541
251604
185843
54673
36621
116749
166177
13845
90600
161148
263782
125355
29685
88729
127743
37501
219099
15837
209851
260999
229847
233235
221444
148534
190075
52317
156139
249218
139238
98691
16744
137775
185141
251863
128502
112757
136835
117071
7453
221007
49177
104927
233158
223112
15754
159219
111004
226400
148610
112830
78190
156253
70663
49061
36663
125183
243802
182770
222070
217543
67084
192550
56950
57007
30336
117199
48364
66694
233228
115447
164628
185758
40919
108778
233540
38211
29223
259077
10100
93623
104819
82207
4851
118436
193655
30667
94851
199168
14760
231315
225161
68948
244796
31497
150813
42734
150495
174397
24257
167038
178950
7915
13276
54885
141009
149772
250809
165864
26178
185235
132260
41720
246206
164695
126751
81102
239106
229373
54255
122246
207260
73388
179533
174955
83359
164716
201970
91168
241270
159019
119926
162604
153961
258761
154188
181138
116424
114912
178589
224903
132562
4652
206786
121796
257981
86999
142192
171258
123909
116715
220603
231298
95246
214158
168575
200849
77615
29044
147153
26190
119864
179554
36508
171154
141091
83821
163978
73882
162115
174948
128351
175740
188010
71361
183157
41581
157731
125036
199184
65893
116062
149123
5984
84210
11970
111986
47209
33838
236316
9246
229829
4511
30689
177854
2811
147765
63630
7943
8457
205272
97669
217645
188168
154891
35650
4205
232228
257639
72284
123206
31342
241205
143052
55546
258929
108610
1794
7673
81317
122740
206216
126430
13037
118947
186293
230101
199106
192158
3633
262501
148703
5316
262032
80290
224940
13793
71707
96078
15864
78600
10754
248067
97246
112417
131417
59476
46338
160878
75335
136569
238176
7113
53383
146452
159409
44587
17862
114462
256174
191245
91789
1507
263780
163535
135677
25027
113639
120561
122917
203033
140848
9441
243095
231217
65869
76935
70640
19198
50403
17839
29346
10541
237141
206669
83992
251794
170268
44311
242664
169180
199059
255515
88177
200420
262180
10952
24913
157667
241582
252678
243195
131035
37372
29468
260324
71073
142093
19763
4791
170290
199536
135366
239200
2899
171737
53938
22983
211327
97235
35651
175257
25231
251119
43714
200931
168818
60487
10087
80729
230868
6697
257595
262780
154956
157829
100490
75100
49144
4102
94173
48737
134537
107431
221856
27272
128020
126131
264052
31909
3923
96193
228454
205736
177789
243579
48576
149006
164612
226359
203990
263321
23378
237279
61892
188688
66612
164257
206213
87213
255490
11904
184861
79046
263180
111661
125027
210930
6248
70327
184583
216864
62121
162162
150687
121567
207868
97931
166052
44476
40595
49782
180894
127682
260815
177001
199937
207928
109124
73335
174542
150590
67064
14713
193032
143030
135577
141388
73094
57009
26054
150166
184858
187196
225802
106698
245169
164206
134591
168996
65526
166816
193014
71954
226384
83222
846
247113
68510
113450
198812
248310
251611
200542
22110
151981
212641
142360
198011
7222
53026
240300
9156
20872
13616
167591
95605
44892
107958
142641
172713
199497
10004
42308
73014
56282
254759
202346
177570
63971
213449
248204
11853
7282
22399
108206
72851
226763
4507
16397
235045
116900
137003
102535
195211
244921
247150
63962
230331
140426
23154
256231
38662
184696
230439
46815
46086
238927
261015
25136
94429
106100
117900
257779
37556
58295
242945
219131
154333
115322
51858
168486
234270
6976
31915
12942
207202
61890
214503
158740
50473
163942
192245
133501
143547
46001
146272
246254
2491
57394
165016
254344
176834
190304
39436
145117
102839
92130
102840
176426
244908
129079
187965
53418
240059
256841
89124
233745
88371
81531
174836
231398
102352
177948
124125
254654
169643
243134
239108
107940
56281
247861
76235
233142
167688
143602
263268
162857
134150
5096
215588
226983
251909
243744
65704
87828
140673
148066
92794
131364
5281
176065
184399
82541
141794
196746
142689
122119
94144
219395
221821
239518
145547
144155
179449
162863
68298
38377
13638
131821
86930
251740
61384
88619
157617
65113
146149
105150
17387
218233
38943
48309
176559
135847
240433
144508
46445
177732
10335
87730
78373
238564
18634
216491
79713
51634
154249
7098
94869
106165
234494
237472
52260
121547
41004
237450
93773
242558
5343
78110
128169
58514
3077
93529
68402
65455
88150
183062
150975
52837
159412
80134
192099
48698
215363
176650
262002
251515
90487
90901
142833
65794
209383
5429
93798
75888
256928
30511
232448
53234
205829
242488
6704
164425
253333
262969
149774
33094
17110
190949
206825
143966
134493
169932
75825
261980
250400
57147
199242
246684
254783
263220
66253
85123
8278
62106
158785
7100
104999
18971
244315
120909
143381
81156
2611
237559
213733
151129
195841
218740
33114
35025
169619
164946
164952
177253
174582
20369
222451
108821
154161
178382
260476
136851
191298
51205
133729
58580
170561
22453
171825
385
185806
203693
153743
97073
146005
132020
133629
86008
146334
75425
112446
37733
46410
6738
86839
171101
226431
18711
11718
220608
18232
130643
190453
26959
52455
65189
137053
86436
101328
20840
74585
191396
182854
113529
110473
247478
169586
171105
161473
207884
10860
255502
147038
201441
191325
55171
183317
57321
45882
50202
201785
263832
104680
124724
238993
87494
32516
11814
86955
82051
152821
212673
222326
101149
186130
218617
145400
105288
238750
173953
2513
70424
70895
141247
135074
253586
114667
109712
35520
32752
18637
76351
214710
94472
247649
258171
253461
83664
144138
49457
85246
91233
253141
140638
168226
93352
184501
191314
238513
36497
23535
248115
53251
122805
32670
34229
128866
234051
68923
227435
14728
17890
68966
105593
159623
230946
165323
79628
65310
11506
228238
77429
84548
42421
216059
59613
109477
263617
162394
98122
252946
120894
87021
99064
230469
249464
231597
257962
86836
120993
177345
35202
186775
238754
240630
106872
42374
215265
111441
24939
212759
248897
189280
233434
81037
86989
254513
200705
59856
244589
6988
32193
252664
91758
43574
85072
261597
220032
180105
49418
149320
195109
142852
28052
39739
121431
154353
145855
160740
149718
80520
133646
171232
168705
189016
23771
18679
144716
5171
83641
210045
245813
47206
142751
222087
263451
156625
133008
199866
235420
218701
131744
243326
22085
83220
52737
186782
148359
69035
196472
69664
144182
63771
106817
99040
240183
135004
59874
1991
200672
145388
190670
55087
76072
34338
245332
88680
123352
37008
208845
99182
137767
101042
174879
201790
220857
239909
100124
149295
134071
43178
55154
145468
109756
76249
169187
13490
211951
98728
110375
26885
192841
78682
194003
138562
142776
5811
155623
121472
14951
60698
43985
124001
102218
178749
46943
34398
3175
168687
186242
153080
146953
261939
99388
18161
91061
133761
171753
112936
153083
79296
30266
233801
183030
69943
227204
119343
71006
112133
38957
198706
96912
159172
252317
236620
92630
184749
263184
164998
28286
205284
122519
178545
26329
140126
184922
5979
214170
19296
102689
156295
229221
189707
22665
119537
258905
149512
151004
192122
76421
178259
238295
228920
145701
228717
171866
247149
142783
97127
149211
83977
247959
184974
36069
215889
114237
31257
91301
158763
131181
110162
231088
91783
253970
136987
229132
85295
188825
63495
139932
93872
252876
255259
39159
76206
258916
245502
195948
261667
161241
200197
236957
254707
89873
44796
81243
213728
22381
242098
166181
186596
136736
107041
222727
214255
139373
232622
232753
250408
262415
75255
140705
23064
181970
244382
55888
113098
56873
193224
91778
155233
183971
92703
71985
180883
219051
156003
207909
52817
88351
19441
116353
82893
239102
207222
22646
140453
237785
140670
39934
256853
196495
59760
96969
110626
234212
3978
21220
187470
173058
193421
221014
262346
26138
188579
61805
191464
244179
115193
212082
168042
99675
210067
224735
53316
61248
224633
25576
189250
75448
31934
90939
232755
35683
216997
26319
104279
166284
29545
79409
67147
125860
193867
128552
209116
28195
128756
40024
169458
160844
118065
237137
138464
186401
92394
72530
162398
138207
124317
262948
109223
59806
66728
75967
79761
234320
53637
56573
72480
198832
250740
256968
157016
209763
120500
104941
67186
46632
112928
1544
244405
206965
242783
164663
26592
224025
147764
181717
224451
153716
140350
100740
253678
110078
20073
41366
223899
168491
1114
97358
178032
96807
187210
177704
264323
40615
46281
5153
24780
99543
55434
68679
101009
138329
252387
93225
176721
176064
105878
36449
205524
158951
165316
93738
189439
63507
139681
33119
243954
261316
115845
79158
211878
257021
13784
167927
93859
142724
215604
234705
115779
161381
50496
146879
147465
194002
68413
96250
79548
67613
112577
66582
55108
207514
147188
177063
240907
213472
24215
191011
86614
113434
11303
201639
31923
107629
80866
74492
23831
226353
88477
136076
9620
197000
72072
96891
231282
36555
187116
160946
248177
244262
209526
160362
192031
91260
150288
16643
84247
20004
202461
25047
112911
66336
183278
238250
155245
40908
93520
242832
147732
50841
107316
211217
126725
14200
224928
193697
40101
259068
259320
23908
117481
2506
251762
118535
142031
133824
254427
111590
129594
60607
48284
40288
158805
221963
179352
212181
146011
11541
134343
231470
170051
235568
188253
30470
163658
192647
96025
192216
140057
228531
136487
50370
215457
216876
160272
263695
76755
227143
82369
223425
128724
96662
97627
243174
10393
126186
37385
18839
134213
24531
111054
119850
79984
49950
18384
83579
185642
34972
5875
170891
132407
60894
23288
109082
6601
42871
19382
105773
141005
160316
173666
5758
42072
124306
58953
60172
52299
182432
95457
121872
143284
229417
114996
83877
157598
233482
244090
61909
41448
217087
74501
127780
121666
84935
167282
196011
258281
173266
169524
100887
250213
73097
222263
180876
49615
197190
130271
153333
39346
139794
115867
184447
117888
253400
262183
159978
60912
121278
77627
77569
235166
202563
209532
104534
144520
24132
9822
116319
217933
53614
241944
212077
134710
70497
48913
108326
195641
29529
219788
253627
263791
251140
57681
43080
177403
3767
247570
177277
63234
35359
27821
23684
209782
247841
212556
209293
233982
233441
10790
218057
37924
199833
155664
58955
81232
47546
30871
208565
132034
245970
157388
219996
227050
199167
90193
138879
86361
159698
12346
190004
93137
3508
221140
253062
229629
52344
137231
179651
233394
158952
21199
166996
23721
227617
167562
10374
151939
69862
135081
64485
164621
212635
170793
116133
236354
233299
150670
80343
154690
127894
69996
41362
57981
35816
130713
46829
90025
86716
178602
161585
90794
48832
149494
220545
166496
89177
131448
209382
70803
55530
33521
39441
148911
121436
181738
255326
166082
168094
252154
234630
89971
26453
33133
154073
245987
61323
154851
189166
45534
11702
8221
63111
247446
6989
56757
189651
208414
69585
94674
42638
145744
222950
108212
154079
39714
63831
160872
63814
81783
238039
234925
23292
22817
109502
207516
9430
256619
14074
251772
261114
204521
162270
99229
62544
83536
78844
45795
179340
113838
213487
2503
165079
217715
252557
130523
75323
162568
132380
208732
209062
205476
137219
216927
66433
247905
149589
251612
71841
45635
153735
124883
252798
44111
3192
132076
127716
194833
94124
29229
234296
261281
195434
99766
19511
159056
15023
30286
229946
36121
6849
41700
1147
16020
104532
101124
64869
96531
83842
160237
39866
217690
240676
565
150123
39399
204468
73883
142967
9048
5620
71716
205799
204517
9689
85289
2315
154819
153212
44215
51554
243717
8336
238190
250842
448
130275
682
59220
48993
27736
12837
78042
171420
125342
23902
261788
27064
46317
128028
138161
29768
5692
3121
158604
99607
75357
178471
207448
223630
208073
246085
104853
235433
64008
5816
107982
145943
78790
220919
71593
200956
207573
100988
262609
168543
165369
140846
32341
171645
178995
250289
133952
261700
155290
62262
157651
69287
237805
158627
208084
35444
168371
133065
136439
42450
216892
77330
124167
54753
213618
85567
19687
89914
58960
162421
247449
201456
243468
197994
53860
252693
172039
156390
180459
256234
134803
177844
144186
86306
56396
211367
151301
106795
261749
100561
88620
204688
14398
112994
145555
119361
109831
229649
165106
1799
15634
57945
145335
138350
236413
232482
192576
30682
199222
167606
14327
177598
53408
124404
221994
144476
249892
94054
37686
206030
87253
77379
95816
242751
155690
223957
51507
250865
43398
159869
69601
171626
87916
177695
253967
199096
167307
127059
177479
199530
239205
223095
232994
156943
227110
256356
216600
131353
150268
53181
64374
89383
241494
36857
217624
67636
240267
180122
245538
247123
252394
251440
89569
5381
86188
259706
150219
31290
211833
256957
224114
232882
64447
6316
237235
76783
146918
189360
164332
152895
94551
78267
23728
119634
92082
61549
219363
187814
168483
39295
134434
171612
111272
41287
148339
116389
170398
227022
88702
181244
185170
34282
172271
20509
59359
67770
45609
84481
250405
38407
48146
87770
55529
90631
66895
39409
139817
244102
46569
42009
193070
61307
94025
69432
166819
143642
126422
59218
224655
45555
77598
145751
113470
56632
255832
77701
170557
245692
154734
212128
100000
49585
51095
38718
217410
27196
230057
12261
160809
71462
26393
131913
9715
57021
232937
50639
176583
15264
165881
134605
2310
261805
125727
108134
49693
114755
92178
36788
52664
120303
48747
81502
230342
171265
66
118582
186247
194829
180487
238027
56877
70168
135791
166279
126065
100961
6803
231717
34118
12927
211241
168602
87561
8770
92343
262023
7762
117399
186861
129046
105155
186433
90036
63631
208604
156242
7723
84342
250695
210384
160458
216842
192564
106188
125801
87246
226655
192844
233170
36864
87285
239411
64054
4920
1006
155228
172616
53454
235302
234327
134436
211860
220777
182232
239184
23832
172739
135135
26198
60291
99318
89779
136846
53488
116684
219106
27456
239382
40793
254384
118045
188996
16390
79049
214743
194260
99932
168109
261806
215262
198238
1496
155927
5686
18223
169014
101600
105630
260609
180314
247815
263050
115705
249734
86973
49426
130200
121697
246750
12706
18763
239462
205690
115985
261157
65034
220225
76199
121037
165129
172176
106521
67760
240953
109987
41578
73589
96280
27739
4493
117979
168986
44670
264144
207246
40957
116453
85070
225380
12143
141233
51610
91989
78724
94864
49531
230965
65978
212072
209864
79465
81661
28685
261217
174289
177782
69327
189464
186840
108274
22250
22173
248991
91087
245969
14370
199768
176561
219457
195332
2248
107576
261513
123660
43939
34123
199510
250052
33536
198060
31469
37961
61659
22689
100233
146888
257823
12175
108706
256994
36907
37806
237324
41798
16777
201515
175539
200346
221094
104425
118188
65350
246307
237948
187136
139499
196808
180438
95025
55326
248720
262019
97299
95981
99119
224031
229628
69428
231283
153994
118301
30374
55082
145364
184022
251427
28179
7671
237084
236723
257536
127233
119047
25702
61219
56477
207759
39405
107949
48131
200316
194169
135807
87378
157478
113902
165682
90511
54490
63454
89173
12954
50189
136345
58634
111288
194813
249495
69511
93158
85582
64293
82744
236966
189621
26770
91753
198262
36458
72899
40318
162015
136523
68609
185397
243226
170900
215227
39528
50011
99550
242335
223794
56532
14000
171911
249050
151146
130985
254599
236544
207476
185567
154569
174429
190590
52365
6771
155375
260480
105068
28611
156811
154211
7726
182786
131128
12066
127524
173468
161410
169283
182012
60067
235963
207199
243429
83786
117513
173352
175842
176597
49854
10744
26105
126108
179686
18288
114801
247950
139083
89185
5419
257098
177414
261016
194200
99442
230848
84392
153366
214093
196037
226880
223407
9698
42693
11928
140697
174149
52359
81781
41422
90854
208816
249815
12757
251473
214542
212132
35560
255728
180915
240621
6354
141126
36444
23042
67514
133103
143956
51024
232117
133754
262508
235910
137886
240314
83637
236150
177128
127167
228207
240472
149486
191957
98472
193665
226649
73886
197956
231072
248323
70241
25714
184938
73794
198646
263744
129971
20552
256499
47815
129461
132490
44470
19821
235359
141926
99212
128915
184883
188189
196126
24848
142704
46614
57528
16869
27346
29807
245750
110238
181042
27147
91314
89811
176069
196002
223201
137263
256783
101354
190702
91592
210566
75166
117633
53335
47303
137081
27462
10277
207851
187334
178620
109846
199373
219025
74271
34196
6421
216949
171665
92304
35999
240694
75534
259621
206958
135336
184590
54922
26469
182730
101434
25735
91941
70830
4171
139839
129127
57505
55549
180820
246611
164772
296
30294
31036
150336
229173
73791
123820
9668
231086
219507
256076
160020
222936
220180
162147
263470
83983
129912
138820
98344
196855
253187
176303
37714
183726
36450
130898
209300
242704
115574
20198
156138
140822
118209
135962
186120
46634
132632
221131
248582
171389
213610
114292
220898
195726
112510
169319
118688
21821
244533
20461
83768
234983
87878
150789
159324
149994
13932
211584
29124
247284
19531
215096
50801
2657
189642
212500
238827
217518
72346
162500
8571
229309
161460
255197
108742
205996
237399
151852
190780
198736
70908
49260
263591
150486
236865
41821
173920
39542
76450
106473
114571
180075
248823
49161
79839
74875
113071
192376
32588
134917
21583
160062
91173
38814
9223
22487
245641
82670
30490
248917
67954
153483
239681
175506
2837
237298
45677
97425
238276
37148
214948
193009
12369
112524
213670
49729
7241
3912
18501
193723
155814
139210
151094
54279
214123
221976
28066
176771
185605
245278
118756
135416
57606
33267
194421
86539
31106
14778
177301
76556
203897
177130
207018
46798
94811
93989
45304
176938
257465
252375
75385
32461
28992
240306
209238
236158
157522
151111
215606
79477
27774
4779
29003
13089
150939
143010
121213
5487
131175
83852
231612
179637
76673
8742
60472
241109
194420
161908
31132
168713
175903
181499
213389
173841
30781
59885
208247
205014
149473
95714
70769
170897
241052
157869
232355
106833
6072
86275
231773
107157
79524
43927
242600
257398
42446
130204
228629
117303
77888
131050
53048
216740
122057
123543
232844
169662
245774
41730
101175
113700
126213
150686
119393
148179
182540
32513
114366
231122
260758
73592
171453
219461
137363
28143
37423
246956
143683
162166
41815
94943
105426
167705
59743
95376
138173
262864
62673
115004
238141
153310
208223
229550
212178
215280
56760
31463
236778
252985
166938
79942
166808
233453
90586
240398
174915
248073
1268
219561
246913
115661
260716
102621
43349
105769
234544
240797
163732
245735
40487
255735
205483
62449
140091
236099
116478
109926
194216
16182
67610
84577
135714
151435
178869
175809
208457
8137
35890
234460
29412
243801
217415
245848
135665
99092
159887
149266
194680
78450
43550
185157
170632
128563
188721
264149
112027
30048
60827
43291
123390
134099
171012
178874
148660
138426
120942
241232
147452
156906
80869
69993
36371
182169
98398
90498
255991
236235
120526
36330
214184
94993
197837
133957
217126
90677
182584
94849
35906
131339
53248
195527
131031
36924
162467
142581
93833
41461
122151
48658
145905
143466
62691
35128
42355
197163
156924
21961
193980
100900
263893
14017
58304
164287
29524
17323
182368
29629
248222
62863
53422
84519
136390
198864
147329
211238
105790
80875
139069
154719
139306
169771
15789
243488
260757
41702
42244
263686
191728
162420
119844
13177
115085
127036
186742
261447
106044
41982
210943
256327
17461
101661
208687
175424
190467
230069
123309
28682
76304
49390
225641
97977
705
81309
183396
20448
11114
112737
58054
56528
219692
46528
111101
129919
182655
195809
229197
160482
202184
41670
188556
183662
252422
77484
224268
4462
251766
46134
146092
134073
231121
20488
164976
132025
164343
176563
257166
93696
97176
90914
7160
194946
128864
193628
66011
223086
198777
53978
173820
100604
206137
42292
163412
135702
44982
136754
42313
43696
5952
20874
28586
105729
93600
189384
221450
154538
130714
175064
248256
129539
9828
156414
205858
153996
233240
251309
204515
134867
206245
103991
5662
17002
219815
168595
60780
173979
177970
49042
28373
185949
37953
113986
69087
107728
206875
217422
237189
189608
35686
195270
137127
237009
45448
169123
221690
182972
80574
166144
108794
92796
75378
112002
185196
147607
38944
248501
40321
25091
260748
122836
124781
219192
236907
149985
246893
126766
109794
132531
167523
94933
43825
248438
80674
180759
206852
221381
226402
234867
16700
136661
120936
184318
193473
230189
193602
208329
258970
190767
166516
187782
117726
221898
27016
88598
227897
60517
47573
254463
8429
2190
32699
79349
39164
93961
13820
65915
76908
81897
106857
255963
160961
54580
125545
61309
86207
109930
216206
132529
19200
244367
126744
83576
191575
60327
247693
106735
16527
17267
245315
212014
52517
44585
77067
75025
259776
217704
42774
13621
137718
17326
46470
29665
104903
45011
115657
57591
124957
164729
51869
95225
128537
253132
161492
240228
73807
131375
22227
253867
31761
155112
18824
32599
182408
244905
161865
174835
256117
113406
39039
113223
181294
156074
203964
235798
203287
103552
191802
79711
76034
47858
158139
22048
86262
237709
264051
146542
73296
202253
63354
216977
84947
16149
231547
104712
16191
120862
5047
90544
56471
207065
174631
197169
143723
103802
158423
106419
62885
232323
43601
206388
54840
622
174031
67203
204899
237428
186511
179863
176077
125264
216474
74777
188540
192214
180480
23376
207050
180242
246499
132316
72388
205075
167993
157146
3822
117491
81091
102871
101720
183532
215168
244068
134555
16066
93808
14099
111594
55795
26480
151820
175800
41239
262580
43557
172217
14319
141041
86508
40177
32445
225226
170480
208250
182533
110129
16591
53712
169546
40221
257686
51035
15222
32657
54703
103303
132926
22652
207148
175508
125973
107325
214566
65464
216104
108987
153883
70147
106803
138591
220413
99994
180764
11098
147011
107244
166666
6080
130000
137052
173766
259179
215013
61866
113597
262889
16080
238004
213220
80541
150850
3108
126680
218350
25234
29916
264208
196127
169375
56628
22069
191747
152466
1314
29378
239768
77774
191666
257864
47548
5139
64707
196473
24113
104431
19074
23120
175040
120391
45149
166862
28320
60481
216870
185247
175645
252873
140874
75491
256036
74036
221878
186822
11019
203659
119727
263058
91228
120051
197463
203145
74163
3132
145390
231572
24345
189634
99956
210783
56520
237988
212314
60109
140657
71802
208638
135643
71553
133479
34540
123748
252712
219189
159020
41418
121900
2588
79002
117270
79634
253312
237433
116332
159905
128086
86556
87963
230850
138966
185582
11249
69914
146277
72400
225793
76143
14809
58426
57065
14211
138395
211280
110755
260085
123511
9003
102489
37521
19922
103664
213034
143002
32238
211660
233847
104062
214622
16685
62873
184018
51195
263427
244481
32247
96506
32767
15184
113034
190592
53728
223773
106096
99259
144974
32574
224987
17536
7788
63898
129082
131695
187732
257131
37819
89521
107174
34347
181959
86530
219812
221595
218626
228745
85253
16193
92342
231284
159087
194794
119073
199173
23102
199654
62798
15686
140281
75725
110314
19702
162169
256191
50599
212266
242882
90429
12722
59404
207512
154478
213401
45078
187148
138863
105648
108958
163511
10413
249123
120456
114985
225190
195558
158917
50604
76280
8668
173057
163825
197422
136237
241229
85996
70102
238686
227194
37348
252529
226570
158960
182081
192203
162035
128959
241122
83793
98672
43966
87499
5793
93023
261870
145222
223874
78073
176378
158730
225300
248934
127417
220513
217424
197127
182175
121480
103851
132909
77703
240795
1117
168849
134697
160168
151545
252280
231725
186201
212538
244220
224969
94285
5174
68606
10900
185028
91723
233419
148775
207543
26611
131027
158542
63704
162127
60707
191320
166629
242636
76269
116410
81226
127871
225019
107920
229882
153811
181887
28902
31122
239353
164377
95644
82728
253551
64201
69385
111
55930
178862
240400
239995
33337
16334
20442
216398
261220
50600
187708
217156
248419
220482
3468
216482
230446
236914
152922
74797
26924
219804
9481
186710
241496
161474
149100
166533
99879
34402
261455
6318
34458
59611
209353
51198
170456
170660
33731
12009
92525
67498
43061
69958
251156
174495
155319
183750
50360
146221
105666
180843
4909
192832
37519
46270
18856
225154
34675
65181
49213
232206
83766
213032
31571
158085
223400
121523
233302
261264
42361
49490
207239
55397
102331
12173
69674
198737
126657
9854
75755
46895
165700
36984
241206
97869
13302
207466
185837
191181
105403
94431
21
264107
105309
237167
262923
252433
143742
195921
258085
142514
111129
204674
89696
99531
91090
184083
183090
198901
12985
20523
198570
197424
159892
92103
248278
14422
247426
87532
72290
219810
160233
29156
237444
187937
51978
195461
66332
128245
237185
226520
73198
209065
180854
12908
31895
178506
186227
12231
213003
179390
91626
226495
237977
59371
113575
231178
129234
34352
238331
103855
22876
208729
210450
237150
97848
155271
48201
28299
239630
182639
34131
115811
155
142058
245586
199901
57309
150191
44022
58999
84858
56565
39643
31738
82042
138199
206167
9163
200122
222682
34695
210934
201539
251342
64545
166766
46404
115972
221712
233981
227599
22143
164055
50408
156173
137851
255994
54868
236602
120238
183582
162969
172017
228260
15876
234265
221148
103567
103274
232820
154668
108482
239717
114258
264187
237090
50856
218657
39002
102417
82473
60651
137820
87484
133795
161196
33553
31474
210008
4540
118901
80346
74861
180886
146776
99168
177246
73274
165785
250356
99638
36928
69635
214967
66862
194758
85542
127242
47844
74354
200917
234110
65743
52111
163572
225218
12371
252687
42482
161726
51113
165194
185392
112427
188627
1600
115012
165552
246004
263597
110400
15149
60656
232225
259339
102293
117195
190383
69047
198427
228148
166948
142102
2979
42471
33069
163881
98283
125972
34740
162044
243677
4767
203204
57608
244390
184438
131634
136188
56484
176175
32499
225871
235187
222011
255128
85128
191138
210214
2567
167293
232838
62637
121891
256993
129217
32051
254682
21341
116727
142271
15737
248676
155652
178159
89513
13649
99542
39421
23224
247142
72986
38295
128178
207831
188585
144602
253983
216074
228894
116810
105989
21331
156666
147453
146308
93922
24400
82131
181508
157432
49946
253704
247972
212540
144558
54623
74677
244322
145292
16787
156073
8877
25931
164710
209567
108255
12233
215507
87431
45104
79220
40816
27412
34265
17728
9321
147207
16799
75574
237383
87543
156056
99379
243908
230747
163927
5985
140315
106225
108209
171436
11158
73026
225953
68207
86439
225707
137448
152746
141899
79346
110637
167096
76671
217487
107127
14498
100712
224489
143692
135489
216981
140552
75475
101728
86601
41295
28485
175339
45522
257578
186602
61370
152435
220607
208051
64473
133271
127810
180660
53257
110380
116376
150413
159745
241304
6819
123226
90348
245670
112581
227830
183016
263263
235093
251934
148238
88976
113277
34051
24096
34900
58906
202089
110346
99124
191525
175858
2985
185975
250955
59426
151214
79021
171328
199612
150269
116685
71551
447
149724
196291
136214
220974
92362
6652
121501
95041
89043
190463
232212
228010
176835
170049
167148
9500
4878
249305
7543
77844
263775
212187
116493
9322
236474
11063
177718
72913
71847
73762
20349
134059
133739
32273
189190
132153
90006
242762
216525
143759
80838
192589
6225
204523
97652
72838
201234
7376
57018
39151
130910
63294
176920
144062
19529
204362
260279
14514
99033
68251
110796
108290
70448
54524
57726
45475
156359
213935
148232
176722
178547
177202
61684
167236
228776
4262
181488
11068
88413
109039
261328
199647
9566
215950
167704
148190
195209
134578
47383
49533
129265
256695
667
141981
242157
136278
203579
27334
154726
160753
19350
165971
246432
38391
34302
114143
15893
174256
96126
140938
48400
233064
18083
177256
153277
2291
73168
154277
218932
84667
183712
233442
47910
149949
115032
147139
51081
72436
115989
134092
255469
225813
261184
127949
78716
193513
146395
154141
105538
6638
184339
90851
17052
121716
123873
236291
126530
74982
215883
57264
94467
176333
213330
169386
109020
146
33475
59947
211331
98091
38275
191052
165508
227651
64886
37478
12154
18329
6138
13905
152049
210087
118262
169997
43969
85022
89294
155415
246227
89719
99417
148068
163112
5299
128375
129762
263844
255540
12248
20670
247680
209239
190230
153854
139297
178362
76320
239472
175415
142296
133827
108152
169358
9695
39217
180477
108406
130278
37037
1783
218121
168532
13116
227199
27069
238536
66579
201226
197004
8311
221311
48067
73505
235259
42932
57704
14280
264168
12950
154200
178810
217804
245339
115900
202932
136489
76425
207792
59310
223791
123217
192545
198830
17327
43306
161131
66620
80410
196109
245045
87346
132776
118009
26208
108523
148659
67344
259809
138413
114464
33247
137264
193044
30302
227302
103089
27522
209905
232089
243871
58359
47002
122824
127446
24928
190415
250192
15998
109548
64955
182016
136911
254398
120513
160782
61959
40823
259475
153789
174307
221691
133568
237333
33678
230332
213318
249413
16514
161055
117924
133786
142938
246512
96133
119078
110677
224140
199015
214733
7112
82022
201832
160210
111575
195279
123769
13738
143808
180551
34554
180389
177439
201653
178392
137707
243322
7225
148081
74215
142820
140968
18554
240093
159608
63995
195634
154327
176933
237524
31752
71167
28556
82127
72004
132867
122353
191111
168905
142923
18734
183792
218074
84336
75015
114809
116256
108982
135298
170288
95502
144803
177106
242805
209522
215988
58121
61494
25503
232324
145199
102239
174341
152840
264030
19704
162103
213987
95465
72496
145258
151152
212545
87927
213494
240171
170651
185503
37670
73383
228344
154494
118917
44898
154006
68237
172729
75200
87369
178440
38319
74862
175227
224036
55497
19119
149063
195879
44749
116673
140626
263812
141319
60391
236004
34603
157558
158576
84008
47477
262099
172686
221011
239091
249555
84443
18479
21619
193053
215279
242529
250586
119603
22854
132780
225592
76064
190284
23980
28210
35404
11899
166924
114659
201633
202668
116657
178361
8828
45932
185984
146746
235803
176646
17494
107410
259119
146693
160049
126296
113322
5528
195480
187464
152436
100480
229586
232120
59044
15601
242307
50794
246677
30079
34290
33915
96598
127723
222388
169456
217247
239172
249719
39535
189980
88741
138287
54649
68791
107672
85815
220716
56057
128171
204616
12270
49903
179635
52150
147346
149346
209894
34773
193124
21118
156489
31712
25374
32671
59534
25629
103857
121705
151132
174994
234839
129070
77941
167756
115050
82265
215943
248316
132573
194176
224387
598
152219
258724
29821
70370
252417
257930
182225
187864
151770
226567
223156
123948
54610
75584
223635
263170
51736
220453
103717
145713
64951
26189
246991
187927
243631
83337
48944
264152
18797
98631
169278
103759
54716
8509
258273
116344
216294
28554
259260
78036
65556
224588
175713
230187
195747
2073
83216
86879
72882
230720
84144
178200
102373
5119
76188
210199
68431
247077
78780
226604
190537
80115
57487
61087
64423
73070
97840
170594
133835
33577
33326
121617
95362
158720
217825
128023
128480
129749
127143
255335
149307
166107
232586
251838
71758
173593
161128
141255
157189
35205
237757
109563
26256
38878
20614
169634
79111
22261
219887
102537
262812
159391
42967
113191
346
2251
131057
240908
262881
186392
110295
237766
139579
93355
162018
109400
255860
33429
24313
244274
19325
89371
64608
263485
164041
99475
218835
65620
263862
130507
171710
27471
181189
113245
20460
209833
166372
84232
62610
28624
242121
13731
229180
15208
164278
14551
27418
57523
74266
56237
18312
233359
260599
214216
60786
235750
263784
180973
56490
199528
53100
110020
56916
246944
80557
213524
132267
194800
5806
261182
63874
8605
119767
154036
10538
100794
253359
16265
239069
55242
184035
165587
47395
143804
7885
167384
217533
131431
161314
249307
1137
31274
90655
46377
220495
52650
46068
152522
30827
46524
110102
261874
88102
41951
248411
35607
148432
15511
22789
91516
198927
153389
104666
29181
232601
182553
85869
38507
1709
43038
119462
254333
114209
237868
40715
63538
132269
85522
259083
114478
138116
234918
117737
113970
94786
80733
138108
132412
206858
223778
244971
178568
240148
255284
248074
216824
25164
18874
258180
59544
223859
59923
47785
126325
130437
250265
249538
225215
223697
51836
211924
146921
201848
231822
46854
189175
214528
72407
106799
23419
97239
192848
121868
51294
145976
64238
225181
230719
29268
84530
70865
123597
103270
34019
248068
5494
188725
226254
108254
86279
15102
91016
127783
46922
188034
34782
9768
255341
97679
114473
195770
35089
63022
207361
16842
113520
208268
45857
114310
197866
189051
194686
218026
207557
52250
75535
110448
203321
196061
147931
223428
31482
30825
183994
69333
185811
222861
85388
148514
238727
69045
75686
264046
183089
166606
186756
101664
198769
65667
186690
25140
119025
104252
184403
22874
40048
131665
113866
155281
75168
21453
205002
62055
82725
100066
228144
177047
86962
41263
17000
76278
158221
79336
258434
1930
121149
190253
21431
41425
44936
176021
4012
252044
33879
158181
226034
259210
225832
210060
92863
29887
117244
234297
132500
16749
18032
69785
76823
8438
123044
262779
242075
258055
68548
78447
170267
194722
169429
85563
60882
195264
153841
72906
1738
237994
119254
162021
199305
123394
118026
157759
230019
193690
213893
131555
166890
215500
129147
49324
76879
124756
151472
186678
124912
120284
33018
151735
73440
71530
79413
108935
44833
10670
26219
190200
222426
40724
225070
232599
6352
118902
54423
115180
149651
202651
144242
122180
25052
21687
188611
246664
85831
63500
201390
228067
261410
256551
65750
259938
36749
224064
188365
12540
241773
257190
27810
225906
18228
134334
113826
124639
124815
236945
229831
75364
29841
241534
80608
122662
57241
54903
101858
24011
29539
107832
242103
195042
43457
106498
150823
111984
250828
224461
6207
252486
45064
45473
109896
97908
167742
220315
256330
118872
33962
55580
81409
182199
127706
182572
256865
214734
257965
238921
249545
211157
28231
236136
130564
138143
75461
6775
190528
81522
39594
200930
18139
138212
181295
190823
254278
90164
245929
67504
163771
1049
129823
109096
139305
200611
107687
143329
7730
255619
148031
239850
110733
260868
236431
241864
172702
263101
129803
97649
167618
150464
223385
82043
26260
218647
205398
192574
9941
83753
89120
253896
202
217791
173732
150764
63830
50450
12760
113148
183625
95461
135755
50906
85822
232451
102624
254281
161440
28378
177296
210592
188065
264003
66248
92873
90259
67980
21902
111427
155472
45120
35697
148743
186740
239457
260900
216262
150525
121709
188552
110322
59824
141486
123235
259625
41511
126969
183850
42497
165382
211789
93751
133162
180735
128863
244631
241417
209185
38248
63278
207617
186402
149760
164205
137378
200418
262831
23553
123437
260297
1893
226557
35627
183284
99373
170245
200972
187441
137746
116303
256322
206658
225765
46780
233971
158253
99801
124679
239318
152666
225886
16261
124808
109286
259466
248168
218352
121058
183492
83647
164271
241326
77742
123787
182713
232336
184702
80139
70994
248882
112593
252218
68087
180132
27742
260458
141305
28823
126941
94896
140212
174335
5101
235994
152337
196584
221134
222823
174643
137457
169409
87682
99316
165990
161379
242434
52800
104211
252373
211383
65342
179391
85355
60839
108702
82603
203921
257203
203081
5242
203518
229813
166176
70354
251201
13467
2745
247771
240198
199087
159370
177716
126268
169805
92722
20526
95277
181682
242550
3567
133266
87514
190573
29186
203232
201939
17486
64892
186936
158581
179071
115509
21026
103444
154937
215435
155495
24370
171932
191570
55828
263190
69336
168959
95607
196287
69976
224547
152706
264214
261978
176825
70304
53216
179445
128953
129555
59690
82410
92705
190550
69024
104248
111823
124942
232758
239573
151552
184080
234144
34809
27470
167914
255772
208282
199451
81072
71263
127803
101093
98067
106548
258659
52775
168899
118998
84082
166902
172256
40065
33945
231928
40466
205065
240602
71972
51207
63935
98412
112567
43622
128024
130737
212299
99358
118795
211716
80113
225622
9030
117598
156907
130010
259732
231417
18904
135159
24665
63540
192466
188641
149065
169569
232562
228929
254607
6235
51947
162800
73016
211882
17347
71246
219415
200977
186551
90389
144598
61061
94095
27559
248739
231649
146201
177291
135375
198797
227313
124793
97445
160950
56181
146750
6298
210256
182952
119443
58607
219489
198152
195411
21758
187928
152776
156136
116126
9545
33274
11499
246088
36855
261324
131039
14531
75459
160835
105476
226153
86030
258447
99281
171397
105674
51307
182707
83389
33167
123959
155040
171480
175949
179998
4132
51158
1997
181963
21521
48724
26607
67139
240439
180624
67242
147562
161796
14387
171239
136448
16076
73651
245808
110708
217239
144791
190555
249823
214241
194366
73686
171308
144492
254678
39586
131736
58036
8997
47744
117652
263376
240577
147508
195887
43936
103005
76405
212999
262139
147084
9336
240380
214593
89102
158355
12812
184659
124729
110968
240453
193048
32660
102924
32793
139760
38495
254418
166757
67373
172401
71474
27824
54436
229051
264088
197821
146230
32630
213299
85330
135285
181267
137931
75438
250110
160279
43283
134462
242056
120057
115277
180573
218339
10017
58493
232445
158688
205562
233895
213095
210439
123885
104020
231710
81265
210923
431
95197
173037
47004
158476
92736
251813
223401
256024
33522
48662
168083
187999
17671
206947
114727
220917
89113
92791
257286
213495
211764
153944
63343
117300
153314
226889
213766
47283
243236
102405
103993
154458
97590
232095
169104
111475
34942
106381
131421
46242
237951
166149
67430
222332
93358
9219
171155
24335
196391
47599
207319
187583
162479
170992
199273
35979
194338
45821
293
184105
69295
31164
146777
107498
86756
190353
138133
249588
179728
75184
235198
11564
169772
129513
169658
187725
170566
215749
7075
184265
130966
202749
109332
76750
222930
101423
116696
178124
29208
21289
21512
3891
160485
190496
67124
8986
143532
92508
71545
38669
71874
60900
206851
100020
85568
122142
35845
257229
106174
42858
69118
76667
191041
108980
204629
126036
99814
244738
90880
255231
29847
113778
260771
116909
127739
191696
121594
22362
173778
48667
249152
6216
243814
150238
59952
245247
106356
142361
70937
56464
59844
213926
263997
77103
252384
66807
241900
6939
242385
58362
55765
140012
256927
163599
209954
112150
31380
94074
230924
212200
195541
35739
31075
167985
227671
232871
233061
1338
197745
214667
64344
31735
171629
86465
59079
214870
225297
9456
231448
206849
143635
157985
156717
89690
126252
143970
147582
207114
253093
220835
44199
247949
26266
224614
229916
216269
60685
148525
34380
159489
148006
116597
123140
56449
24420
154195
196927
129436
104631
106573
154072
155065
234877
198746
189670
82033
6541
51593
94039
239299
152434
63001
19761
254324
212214
87318
133229
57998
78515
21120
20525
230394
102456
72282
104640
49519
46235
95532
29177
187013
241504
169624
156829
200115
150107
190240
73671
58867
224572
196365
211353
224103
205252
136519
176517
212302
195961
30042
4411
551
65710
113479
138216
58763
215836
135180
132936
100906
125765
212144
104340
218348
142815
22845
224797
14480
105445
195981
76626
163956
198288
88319
28133
71913
207078
116201
43705
235442
180879
188743
196688
43023
112373
127573
260904
200304
170866
88785
137414
228309
248306
88458
232668
249400
174981
224229
226982
101643
188511
202484
70969
202600
62424
223962
213913
107408
119679
10408
211011
69182
44446
176366
46220
156101
107934
102518
178645
107519
212664
62949
218132
30976
263312
128427
70209
27512
159293
53716
63554
212425
235022
45188
211483
188040
131158
126015
24857
24180
58673
207632
38884
260774
195234
155327
26593
90022
223513
75348
136127
210905
24694
156462
217206
105344
6678
82910
238309
73064
197743
5445
74052
113332
249250
142848
192615
134789
31805
132053
135787
221093
102097
64408
63910
76126
248914
232726
45179
238095
41221
74183
210929
70986
115965
73413
169653
148246
179678
232195
147802
18404
206197
114226
199202
79013
218893
78576
185161
230287
201368
59755
89826
2028
263881
28317
234119
215086
212223
65091
143693
142871
231628
94299
121867
124029
180705
168146
196755
37719
262697
134007
209984
116691
84680
99196
232032
47828
69378
196198
101336
847
72029
147672
107264
40497
37601
217400
114999
2975
178841
93616
190815
120552
59087
159727
233863
1623
109465
9284
33920
58829
154299
129410
185004
146396
52296
124199
151330
144003
131571
54101
204979
212017
218371
54411
190393
202271
201695
186964
123870
182948
28486
228213
201122
187622
252177
159105
138399
117165
249005
113162
191163
237221
199886
86270
207075
16245
46124
83678
136732
238338
160783
56097
244686
74386
106401
162095
95345
240990
11146
51437
17109
509
148517
207923
192688
225701
133114
17459
29325
120207
103805
115052
176609
139590
236066
210698
182559
211926
149754
82769
220715
81187
185208
89804
255229
218347
165877
83562
80558
219780
201461
154295
11643
7008
62816
67060
57955
10109
222068
146925
151673
145683
162787
32226
71002
28536
82249
93650
98360
163453
174610
63011
201556
199681
25680
262383
250630
25650
38642
121249
71669
79149
140002
177478
250701
1093
9859
119757
23333
36940
135708
241488
45199
194872
164794
236836
159997
118488
63150
162866
196052
165005
234202
216628
230704
3193
15283
60905
172521
13827
18204
226071
244995
262168
204831
166585
131194
24758
22868
88614
5545
133224
211544
16553
72501
186883
210523
213499
201831
80620
232998
42801
89010
5887
3670
91933
164572
24295
48502
120737
226971
177667
234968
252332
187686
33570
98896
70907
244294
235727
249101
4073
187507
262513
234132
132669
39689
218738
73164
87425
207866
212207
193733
11373
168614
78664
136061
211201
174182
156584
121081
110333
37899
95602
79355
61754
8919
18491
258201
43707
156437
68628
201657
158474
29528
250972
64169
60934
23668
156406
101068
104125
82812
176622
189622
222140
66412
130106
70409
238959
210856
123863
183301
138418
28909
190971
20770
183268
77214
156846
222185
220988
144332
256532
218285
42563
83077
12230
115536
136656
110203
110223
216675
74896
156604
130372
234958
254080
83650
19892
76705
131449
167061
153925
201781
150802
231989
243136
188442
221013
213364
129926
33809
139905
145957
249063
192668
173902
151172
5796
144176
249111
161106
111066
9216
216146
162807
137213
76171
117489
192895
206571
141057
255397
260616
68993
89874
68285
40200
2604
77373
259852
80697
175088
110197
96736
56065
245715
213244
163525
650
138361
187141
169009
193735
49174
257974
227158
52813
23013
60940
122145
88676
153205
187184
167981
210898
9331
8905
175959
240018
195546
154232
7489
240761
127357
196875
243934
169049
91198
106147
48781
125445
34833
66020
173285
240163
117294
118257
55451
239921
130122
123493
134296
101714
6263
147597
260891
5035
9450
74674
94782
111848
77711
250133
114034
24696
171705
254580
3622
87947
189765
71148
122882
11916
143967
229596
252104
34992
153188
114907
122309
4293
48677
24578
216202
186661
35285
151519
193198
38263
28891
77657
193223
125961
62383
169511
179605
67172
168838
95709
263805
263309
78967
189255
225756
241224
25283
54607
112787
230265
42348
168296
48804
108127
59353
43381
160041
218077
186804
129316
231179
167670
151416
46996
109752
39541
14872
45970
100613
214871
252914
190088
182477
230195
117299
111418
30419
101084
119383
10110
166251
189168
602
26177
72449
225908
124181
141733
231041
219459
256007
238347
92085
149677
70114
156050
105290
178333
216069
13052
39428
246834
217433
245474
73075
80308
38608
252559
21193
87323
207872
243308
236208
228769
111265
6145
18681
92091
254539
30430
206513
211595
199551
121720
96256
110220
140710
81706
25301
93781
89966
29507
107338
54049
120710
232773
49218
76531
18825
17031
92761
73978
235620
51089
235931
244169
227668
231278
229479
261077
145193
97674
45150
77246
103165
45511
101930
153990
53463
5519
158119
137049
88532
162943
65524
53537
199389
147900
126782
133791
161240
59456
132310
198573
146885
2852
174882
2461
181411
132154
88120
256924
4122
124726
23160
87014
167666
29402
61268
62781
34095
260987
188042
78771
184455
38611
68234
33785
26979
225862
217178
87483
11152
175607
197587
71115
145509
222685
145421
72191
37708
99032
88752
184380
197543
187295
103264
42723
64354
210817
211345
246099
128949
65315
185463
201693
138183
160578
149018
156474
33638
108767
30808
110784
35347
41309
181162
17569
78333
122851
84170
229991
151345
53527
148392
209336
41173
135197
166994
214073
156112
191328
232936
231156
228738
11504
111119
128674
39658
126877
43173
195742
199198
9265
225275
61499
119826
199545
66800
1470
131491
116125
254395
72614
49953
24401
186745
40060
26229
173296
170579
217636
78123
60261
50971
244726
125590
207188
103635
68724
231985
52929
183003
164348
68683
86260
195072
167142
213456
1332
141045
89746
35688
27945
82475
42237
46488
229616
227611
144669
230274
90786
95867
244363
124842
2059
188507
15481
110604
223667
72733
5810
124913
39319
228441
237239
8053
263179
36719
218555
18398
166338
138065
19221
174203
72278
133737
235284
117529
84571
113644
8808
253032
59127
86926
42609
46842
131514
75683
122714
34545
88927
161280
133263
251988
74502
133426
92977
142784
132600
57364
258585
214278
79545
75165
186865
37218
135729
32311
185879
238008
243497
78077
177087
11138
116746
2142
108095
172021
241596
27209
44304
212222
32868
45758
156919
157151
198513
201227
113325
187395
110454
99552
147322
6754
8048
242597
245810
128092
195819
141853
120158
144443
205625
21078
28073
10991
166370
250859
129560
63668
30032
40658
5015
249902
3637
245619
21496
130143
232371
54498
85750
90437
172068
197930
236528
168406
172566
95795
20876
62503
177257
73276
202987
50669
120327
157884
199752
67984
212557
71520
177750
173837
124421
206448
85870
190621
137827
76779
100361
233753
151855
243196
110008
4049
76982
92291
31175
188111
221683
252613
109611
16337
43756
137206
164979
79947
156845
98782
83209
57532
106768
76882
138684
89022
15811
97001
258139
76306
102171
66721
251368
36382
248760
99110
101412
260976
14753
93544
257119
243278
156840
209580
230502
187405
96311
92547
885
163370
252917
200790
169654
97095
161486
108010
1630
53767
132485
51792
134853
248890
26670
152052
242995
86738
64648
118386
220480
225009
223959
160348
85779
163040
215745
8452
26958
80774
128098
121843
148841
8265
74239
44723
238014
189734
193309
78646
246618
200294
212428
61938
54043
16059
238258
181131
80635
37772
95752
11726
204541
167529
226603
128275
178723
206865
229503
14270
185706
109505
219709
158977
91519
116372
127236
225575
133205
253460
170434
240327
162920
7166
56604
53020
124257
48515
22353
88958
118700
37814
228888
157867
62924
190990
218882
51128
156331
100488
181934
253756
62024
36426
147056
72555
104886
224945
90242
127126
116012
119354
53443
237588
3984
215287
241445
56253
11913
87490
10651
80907
165737
224820
65376
239979
39710
117501
64759
60445
54189
119790
229260
234422
117467
192421
217818
188328
159306
35620
151992
82199
179052
85030
184148
26496
114443
128855
175209
95931
17331
77144
7281
235710
55374
73397
36656
76111
246184
57265
69506
59038
171287
41836
224424
193200
153472
78173
98718
99958
61906
204176
45200
114353
17943
158645
194858
144354
228802
27162
106902
38907
7597
224622
183794
1271
225618
107
165241
219768
96605
63909
88211
149013
212348
256720
121728
191477
30833
148403
63283
30845
42976
200773
54112
242560
240572
13936
113393
156040
75453
92375
157644
219554
41806
259652
183373
28690
21089
115390
54492
209369
220125
56424
194374
155714
235210
157570
25446
39698
181224
154177
255910
216880
181527
69592
63014
234943
168866
73283
190416
76644
78913
227295
149079
261993
217002
175541
52872
259769
255616
206764
141727
262284
15804
177878
239453
145834
111557
259669
66853
46571
227963
53082
18437
133186
35880
87279
263379
26099
38692
146657
6800
220351
233625
203629
113319
40005
14466
258898
218159
208462
19210
175036
107179
121592
72511
232999
23997
128453
334
89460
117064
228567
205970
150605
206419
149778
145494
191562
66436
200864
87206
30974
247158
35813
42251
32287
104023
124571
79285
227153
250883
104764
28545
138377
20515
175145
204895
40207
85912
187820
70152
218805
239214
75045
222497
39006
171261
103340
6257
131548
260315
177271
126622
202241
191304
207042
258242
188132
184110
207000
257594
69306
250466
167904
188676
129454
124591
70148
118196
110342
211731
178439
156480
29771
112111
80225
64143
58318
186366
53188
150183
35786
170471
53835
251202
260015
115774
253388
140204
260172
137065
216232
59830
246836
192464
243618
196363
72560
230330
13210
50524
241336
234063
37091
248595
103742
2996
260642
118466
208105
206395
177829
195133
218967
141700
6777
214033
52627
253754
110665
168014
96318
207541
234446
128742
264124
125844
141495
135073
1169
141370
222700
34447
54639
55321
186779
204128
42762
229709
241678
247537
146160
64102
143179
252330
187302
253890
168817
10802
14090
116585
83578
20629
19120
61108
31439
66507
91518
25637
45128
59675
172516
82140
40514
115556
118604
114058
82539
175103
121870
35675
39845
7120
211773
174732
126915
154714
78404
153887
209017
77311
178289
160166
252965
57507
74958
149454
52391
4852
122399
224509
45661
128628
218625
194324
44276
118932
220228
99069
21465
44342
191024
207595
188923
52098
165887
64090
11350
12465
76116
115497
118573
233386
74320
150693
214068
55313
44631
45727
3649
242229
140185
127283
11081
273
34678
78545
130218
111604
91890
208995
133805
72021
137956
29525
236127
43974
90079
47983
220637
59672
207585
65122
85702
51065
109129
140016
198266
132388
195737
204235
152886
247030
173677
225149
130445
178967
198010
146322
101402
201610
94382
241440
239682
150708
30898
79020
200016
222636
187894
177430
39411
59002
45233
172539
78637
85851
217758
257538
38985
169331
205474
247647
123910
7609
118422
14932
86593
261445
71541
213820
19711
181314
253927
66372
164475
171731
10240
204853
82492
217503
179301
61308
146620
68859
45409
148795
56731
256662
91231
202593
154214
63502
171877
164803
121479
160921
32388
138186
214200
39709
99682
19385
154237
33965
177727
215631
223444
56620
76305
201660
238261
83256
216441
149525
75963
122544
210194
224115
20336
205133
149616
29531
55032
258364
39246
139364
97069
229490
35824
98698
101188
13634
103596
53499
74134
36333
128619
245873
63233
118430
181919
795
149941
210814
115135
55633
209873
80831
207229
63978
192051
151501
200677
54385
56101
178574
202567
232609
186435
107376
49861
52140
229716
42123
44879
121478
210274
222459
219444
170473
70240
14834
252026
236700
174257
213447
194117
65283
173975
102401
54413
112212
118492
18820
147077
166612
167180
111949
114343
106615
90543
39358
180710
260860
116280
262499
202865
143425
156852
68892
12978
23837
255512
122542
181846
110506
178941
116595
51402
215176
239857
101949
70400
179384
23575
149855
35803
255006
225101
146467
78062
6529
197542
260362
18976
243761
152564
239712
203179
211508
47586
153006
145281
199166
53046
153828
212365
15256
57660
129897
71738
240362
60452
226659
141793
99054
61496
27587
66464
13415
96812
61635
200539
140172
6893
1400
177549
253118
181326
73714
35584
3879
145040
153000
214159
32829
196274
193088
177447
257245
232638
60755
144366
67096
85827
83922
49864
53829
260839
228101
98276
125105
227990
57537
48582
171226
149177
148552
189154
121562
185040
77503
187053
193452
173982
62353
73343
50415
249027
177499
14244
126571
46329
212138
167417
242543
263726
248805
64215
121222
226807
23375
262930
28738
196624
133560
118744
254527
234535
256908
82365
218955
101331
219847
5283
60545
48333
207897
33217
225634
110504
4357
190442
70938
41241
71518
37254
122379
79982
225296
92981
25093
193243
87068
139534
61322
235113
99533
61777
176010
148297
242521
123345
73804
260906
27626
16301
138355
84156
224716
188275
216804
211021
67500
164046
125393
210842
138513
179077
108678
166755
247640
76990
170760
208707
239963
66604
76478
235717
194980
157087
161749
222841
214044
149028
183025
35463
27798
245145
197945
47144
42999
194296
241040
251962
97739
138342
86386
99438
106652
85902
89313
63510
7451
77890
243672
226663
170650
69205
84724
103460
80088
146663
154997
150039
229670
249517
236659
10624
252808
112497
61142
224535
232420
55967
237349
149889
28468
143986
132730
201960
241656
141075
216383
151538
98756
140987
173321
169121
20464
28515
21749
38444
212221
237945
187349
188786
242516
94303
148511
40268
113530
213390
41098
219030
50741
251114
230441
139609
126032
208698
149421
79615
83514
155978
230888
90252
84834
181999
19394
94327
74381
144336
75701
204120
242062
254508
74081
14993
232743
108994
262063
171810
126654
40545
209150
172455
39798
135177
30245
47776
66466
43137
161925
17438
52100
102683
218107
241767
128873
103244
173740
255024
253746
42050
25012
226833
124660
206208
168139
158568
58506
188828
170335
72691
79223
12050
73922
206253
142666
26427
163000
115242
207193
171242
221945
90911
18392
139949
73948
257457
46924
203808
164079
204770
159583
91605
245503
247301
114695
150353
178844
135451
25591
137927
10823
257389
224629
116187
165285
206104
62019
232879
22210
190141
68786
71611
8456
49891
102008
102004
206833
47746
75789
32761
255838
134085
48218
105635
67066
157117
20796
74588
83122
208107
62445
124540
12493
83587
8308
195523
147784
139844
79944
64149
183314
94579
157470
205490
215448
168641
198253
43204
4658
118651
232491
163534
217095
78327
34889
22145
199595
146687
114308
200785
178845
83465
252952
70336
3928
217108
33676
161830
181593
157919
146844
212880
29643
179906
132241
245283
206363
166983
157696
84073
244574
212839
140041
159429
204110
217585
59117
146920
225914
54150
229280
52085
160920
193573
15497
213489
87143
137830
124841
236597
107869
181489
60509
181264
99399
84668
9858
138946
81695
258456
10431
47877
121210
258597
254238
189932
241548
24801
45114
224718
94856
29965
223809
141311
218908
171772
180676
34250
34518
17929
142699
47874
30673
156378
161959
10315
139792
115506
202958
29112
82784
543
155857
224339
68672
149377
218146
71561
140542
953
28233
47555
49669
90171
74388
174498
39563
91842
102249
40723
124496
57815
3264
209197
70398
31016
76639
184210
248060
97713
113683
18490
237545
248998
264087
119002
259777
122960
90680
163727
11646
116005
83303
22313
252084
9134
79830
255158
171424
2356
164854
72618
18276
72234
50373
90940
71281
102375
38967
161216
216421
157604
137140
34927
258515
27399
107961
140870
156607
32915
58380
212030
234584
125209
84714
107900
142330
128708
54276
170591
218966
119229
176973
53873
111261
144385
66723
247023
3462
218785
128910
195829
173339
100919
137246
55577
207030
242302
123607
194209
167982
223918
217230
184732
244037
32638
84402
71284
222686
69253
34844
20950
233127
157270
169539
171108
64168
81043
236428
244980
145903
90682
54893
234691
262754
49518
69932
122981
166955
98095
148210
233957
52119
114249
231457
242359
221394
80034
96972
160893
56913
32448
185169
216264
184544
77474
62750
46501
261957
105888
67133
188510
42931
41401
105334
206771
179463
152289
43778
77349
165712
233866
127270
197595
74427
228798
196163
114321
130836
254161
153207
137766
126381
16570
140665
50310
89997
227335
237273
19961
148331
52942
3444
239880
238216
9537
76888
182186
245082
261440
187128
185437
198628
143800
10356
243487
97953
37390
6136
242872
80705
4486
91735
146371
142064
29653
80726
42479
45756
102005
175632
178235
208344
47803
226381
260277
152178
253745
184268
186999
21921
97464
166037
144852
183120
15741
78154
263370
177706
136635
23906
40398
210177
19601
228125
92047
183865
65303
124511
85028
159940
208181
112678
50925
211998
140735
90746
82673
5865
159789
71567
241781
83959
172603
116839
84688
214424
13601
198976
165788
99275
107233
183989
232506
152480
36116
