27034
128746
132925
17770
95501
219238
18518
150660
184592
261042
256703
48097
155300
111267
64702
260933
66383
231152
182190
98921
60163
89097
60267
220979
9015
138388
221229
51217
198348
178027
104005
47908
132017
202188
260593
56177
241048
33872
26390
233499
45581
56863
258404
239493
35611
62629
151045
72108
114311
170395
244721
158500
76493
243335
235917
161212
47245
104285
89149
250043
59441
155940
50272
231246
96576
43795
136934
161061
158236
4977
123031
178187
145319
78207
79470
81030
144779
112064
163891
249536
17284
76451
30988
42339
206728
34387
88900
104925
213306
2383
143349
79098
104276
154992
10972
236169
110989
244829
192338
168148
226110
243470
170410
27850
44250
129799
156795
39116
119792
78949
223246
136543
225904
54106
49022
233561
222811
131201
36147
2286
205821
152793
116936
40741
179264
104386
46971
90807
206836
165032
162572
174680
75341
181329
250489
46759
227157
249736
245331
34116
105233
135475
184796
226181
155283
1170
109307
67305
18215
182050
55198
239157
44705
62718
128986
241115
157334
6153
113888
142001
94941
171409
229212
145220
9201
182358
75333
233978
61187
12040
257071
124237
228338
222976
247976
250991
65719
34952
170861
203983
262034
25695
95165
183624
40367
233136
227296
5457
189838
179575
90504
236507
63028
96195
216116
44981
42517
111020
84123
226824
100345
157429
116812
246273
18592
172610
198730
148470
121434
166159
201893
2280
130361
111841
68562
140613
241563
154163
3558
177254
218334
143237
245602
31794
87286
121853
71352
228413
138880
257178
74465
218856
94460
205683
85344
114115
141689
61126
103160
95267
78152
207782
14248
244636
28204
20321
166634
101642
234059
137415
86136
187560
66600
225817
90272
928
155447
97697
45097
169030
190120
42051
61325
216830
53484
227510
248013
262312
133467
93824
138685
251305
212528
75411
19867
12923
207434
174447
105708
4782
264113
80417
25461
177303
131436
177029
111910
241085
110457
29358
146107
1923
70795
96452
149570
255557
119075
167683
48457
11584
170348
92219
77689
228872
253440
109721
41078
30114
258649
131604
17785
230109
218948
49235
44130
146858
121545
215384
2257
259642
118440
226216
22871
168672
247916
12415
202425
74487
121314
18
201673
97982
46
236132
160685
175613
191605
233926
78392
206127
97204
213616
217058
141470
135983
135978
134157
17096
227559
197021
39223
160139
24306
5718
217181
147114
260074
232582
91990
116995
43872
162681
36342
237802
21103
141946
5956
88099
184643
136795
62557
195414
141170
215209
73537
240114
10777
76578
247671
188476
218506
18636
30577
242341
179016
111110
88506
70689
232656
39518
156422
219151
104212
158845
71175
94645
199844
197861
71121
151373
22044
15780
241738
149319
39070
148672
191009
1686
172799
57717
232997
17514
154346
26829
64900
94889
82166
64132
71713
26159
200798
106306
161015
165751
166228
131523
102563
125041
162738
231808
589
241076
120159
69570
105114
11630
143926
147992
103902
149851
189773
96922
205914
30335
160037
234325
43319
224343
78589
238702
184823
5121
32931
214388
27599
213070
187674
31186
9483
118549
132802
49053
12884
169837
155574
159290
28765
17823
20274
200244
138038
225282
25058
141076
217705
204452
127678
238315
195599
256863
202824
51961
187801
105830
227220
260657
109965
36302
168265
62057
50243
64479
54871
118093
114368
87371
239957
133309
73700
30206
13968
13668
194628
216024
149159
243970
240125
187218
167391
198645
122033
157671
157335
138163
38879
119954
95542
26306
108273
55226
135605
98043
149199
177534
154991
20110
74789
256999
104334
136552
128849
194884
129709
112894
53461
227658
260666
219480
67574
173791
27004
79415
61514
198466
82238
102913
211893
219150
221054
197974
85050
37770
46542
62723
94440
105215
42538
65644
117264
78349
30605
85591
252053
40239
7247
186283
196362
25873
199822
261555
103653
63330
231244
49876
77092
138354
59810
208021
179628
151866
57932
251075
98427
170459
88915
129761
27273
156491
189941
51188
117693
110210
90146
119060
111730
139835
107242
245240
121507
41358
232712
208908
105353
174215
156262
149310
262634
228264
39911
186155
46102
1553
114742
41253
210639
137866
156319
208577
114666
263907
141251
251338
252027
95680
18248
138166
52982
133550
141622
154326
119725
251077
224146
44377
32828
77553
227446
188652
114320
7890
222611
198193
203275
177025
103003
164286
144222
1460
112667
114185
78429
81811
146238
227534
116071
6635
206148
133090
22834
200443
185236
75324
84209
114163
15662
138646
111338
32786
30760
261712
93523
222294
147443
28410
206103
188715
227631
55916
24865
260797
53146
106081
136297
4045
75217
166336
141657
71607
247572
93913
247516
254970
17598
181111
13059
180032
159360
215724
247605
168998
27101
212320
127756
157242
165446
31581
222017
75992
257308
158665
227463
198651
262806
102118
244241
74390
168446
75439
30449
95841
20494
223625
35110
156730
12361
259152
55537
65864
39868
183940
31177
245179
83011
260524
180778
227713
235161
64534
164319
233355
209439
177940
61352
233677
192220
261930
193319
21838
92381
156182
255149
259879
134367
234009
193714
63461
36516
263437
215717
137274
76657
34394
16387
23975
92018
70112
14571
77646
147356
59805
40699
130153
216543
125514
194572
76391
222114
253671
223911
190547
63069
57187
225270
211528
259865
131508
69099
124102
81520
207770
139483
9330
65264
61533
225624
27794
24436
73944
91501
155873
155744
35858
61077
67858
258808
65791
54512
57135
37720
242937
250921
269
19021
14795
98489
232129
179624
79847
261107
253603
140182
73177
182834
51566
198578
40508
90247
185351
141897
163612
149215
81632
204819
194246
88669
212616
246189
12018
33447
222642
27478
25325
234882
109966
146930
258099
147171
80264
172592
229660
118586
197410
118696
58859
73142
50340
33978
254249
38066
262576
154258
71902
106812
203910
208186
233165
256337
130965
147980
150326
43361
176361
142739
98109
15224
146429
189594
96119
183496
176456
95466
155338
256153
261804
148942
31281
61078
259276
59091
257020
117449
175609
123693
33022
17468
6453
75984
215861
101089
258679
131486
210463
182471
65744
12745
247539
35148
12170
254717
13906
212971
68651
230227
62380
251527
206901
232080
193396
13048
64214
217823
152407
21066
32192
92871
231491
85141
102227
61980
257710
155322
247064
165815
60797
77978
172261
223169
212437
86002
221971
139464
160339
229771
51844
83801
70475
76078
263395
98433
37771
23620
63515
9817
171158
7153
257706
164366
88461
95413
8329
144715
169725
257198
232923
92267
251946
245510
226387
5777
167734
27483
15768
133554
45572
220139
3835
216961
70950
163032
54659
247982
146768
136744
62961
74240
184920
229795
125620
186729
56930
187035
241613
198813
23798
231588
32507
48285
168844
90216
158728
178902
76233
95284
244450
184207
76766
152212
184167
111516
253
50425
194227
219549
255713
57826
100707
48846
84384
217751
88448
109472
108258
118548
136232
118266
173809
53050
63197
132667
211624
161586
118960
176674
177027
258618
245859
174764
98081
190939
63944
119611
152047
207459
108962
255012
170623
209543
140382
154701
21534
239445
201533
27444
133317
22137
39881
110385
195306
104892
166278
264241
151882
214395
51172
129052
164978
158293
123447
82360
117792
81092
156018
138758
60015
1743
161485
166617
140960
260492
25651
147877
242588
96470
146674
155767
135749
206189
32476
24785
24392
170072
155023
166660
214372
89020
54104
170509
192332
160636
169239
237730
172946
106676
94530
186633
11784
23457
90894
76666
124290
206615
231290
22073
31850
223913
127542
242479
12783
111685
70361
93385
171343
73915
163783
86956
53393
117544
26224
120507
183744
142210
127454
263424
146154
72531
82955
203239
161448
146271
158955
144369
244369
262301
153949
80543
73061
16573
141286
118922
104390
129488
12868
169206
57892
120452
90978
122183
204346
220610
83700
223792
232111
146807
188351
22136
140334
205486
151629
64089
159053
64309
229759
156080
48158
28171
117240
250161
30395
36067
168255
244727
263709
19795
199714
77747
133978
86077
236281
48969
262365
116059
261140
111295
92279
96839
90451
127076
225171
141152
85069
39663
16673
98448
170039
68832
224109
65278
254510
68645
157625
46892
252741
162908
193515
14923
257133
32109
109043
177794
138999
66626
249696
152197
53724
142522
108221
248585
99411
19415
127608
168400
35502
11920
94030
200341
246696
201715
118006
44341
164380
228617
213738
33726
240197
136260
155486
13073
137493
243656
5849
37996
3037
30630
114959
158469
197421
148677
225334
139634
225321
133357
154167
252011
221523
107009
39331
149562
182266
133170
83483
228541
182682
13118
202130
3833
249570
21715
73373
94371
122288
90337
104499
112906
49539
238055
184854
194175
26656
89324
86604
37797
35039
153908
139957
181412
232044
55113
38671
1399
31129
210336
104004
156506
8158
145882
263014
6542
66423
248519
141171
91320
230686
14459
237642
155886
153969
245120
20142
114642
198765
125329
